0.000000
0.100489
0.200723
0.300451
0.399420
0.497380
0.594083
0.689286
0.782747
0.874232
0.963507
1.050349
1.134538
1.215861
1.294112
1.369094
1.440618
1.508503
1.572577
1.632679
1.688656
1.740368
1.787683
1.830482
1.868658
1.902113
1.930763
1.954536
1.973372
1.987223
1.996053
1.999842
1.998579
1.992267
1.980923
1.964575
1.943263
1.917044
1.885981
1.850154
1.809654
1.764582
1.715053
1.661192
1.603134
1.541026
1.475026
1.405300
1.332024
1.255383
1.175571
1.092789
1.007246
0.919160
0.828751
0.736249
0.641887
0.545904
0.448542
0.350046
0.250666
0.150654
0.050260
-0.050260
-0.150654
-0.250666
-0.350046
-0.448542
-0.545904
-0.641887
-0.736249
-0.828751
-0.919160
-1.007246
-1.092789
-1.175571
-1.255383
-1.332024
-1.405300
-1.475026
-1.541026
-1.603134
-1.661192
-1.715053
-1.764582
-1.809654
-1.850154
-1.885981
-1.917044
-1.943263
-1.964575
-1.980923
-1.992267
-1.998579
-1.999842
-1.996053
-1.987223
-1.973372
-1.954536
-1.930763
-1.902113
-1.868658
-1.830482
-1.787683
-1.740368
-1.688656
-1.632679
-1.572577
-1.508503
-1.440618
-1.369094
-1.294112
-1.215861
-1.134538
-1.050349
-0.963507
-0.874232
-0.782747
-0.689286
-0.594083
-0.497380
-0.399420
-0.300451
-0.200723
-0.100489
-0.000000
0.100489
0.200723
0.300451
0.399420
0.497380
0.594083
0.689286
0.782747
0.874232
0.963507
1.050349
1.134538
1.215861
1.294112
1.369094
1.440618
1.508503
1.572577
1.632679
1.688656
1.740368
1.787683
1.830482
1.868658
1.902113
1.930763
1.954536
1.973372
1.987223
1.996053
1.999842
1.998579
1.992267
1.980923
1.964575
1.943263
1.917044
1.885981
1.850154
1.809654
1.764582
1.715053
1.661192
1.603134
1.541026
1.475026
1.405300
1.332024
1.255383
1.175571
1.092789
1.007246
0.919160
0.828751
0.736249
0.641887
0.545904
0.448542
0.350046
0.250666
0.150654
0.050260
-0.050260
-0.150654
-0.250666
-0.350046
-0.448542
-0.545904
-0.641887
-0.736249
-0.828751
-0.919160
-1.007246
-1.092789
-1.175571
-1.255383
-1.332024
-1.405300
-1.475026
-1.541026
-1.603134
-1.661192
-1.715053
-1.764582
-1.809654
-1.850154
-1.885981
-1.917044
-1.943263
-1.964575
-1.980923
-1.992267
-1.998579
-1.999842
-1.996053
-1.987223
-1.973372
-1.954536
-1.930763
-1.902113
-1.868658
-1.830482
-1.787683
-1.740368
-1.688656
-1.632679
-1.572577
-1.508503
-1.440618
-1.369094
-1.294112
-1.215861
-1.134538
-1.050349
-0.963507
-0.874232
-0.782747
-0.689286
-0.594083
-0.497380
-0.399420
-0.300451
-0.200723
-0.100489
-0.000000
0.100489
0.200723
0.300451
0.399420
0.497380
0.594083
0.689286
0.782747
0.874232
0.963507
1.050349
1.134538
1.215861
1.294112
1.369094
1.440618
1.508503
1.572577
1.632679
1.688656
1.740368
1.787683
1.830482
1.868658
1.902113
1.930763
1.954536
1.973372
1.987223
1.996053
1.999842
1.998579
1.992267
1.980923
1.964575
1.943263
1.917044
1.885981
1.850154
1.809654
1.764582
1.715053
1.661192
1.603134
1.541026
1.475026
1.405300
1.332024
1.255383
1.175571
1.092789
1.007246
0.919160
0.828751
0.736249
0.641887
0.545904
0.448542
0.350046
0.250666
0.150654
0.050260
-0.050260
-0.150654
-0.250666
-0.350046
-0.448542
-0.545904
-0.641887
-0.736249
-0.828751
-0.919160
-1.007246
-1.092789
-1.175571
-1.255383
-1.332024
-1.405300
-1.475026
-1.541026
-1.603134
-1.661192
-1.715053
-1.764582
-1.809654
-1.850154
-1.885981
-1.917044
-1.943263
-1.964575
-1.980923
-1.992267
-1.998579
-1.999842
-1.996053
-1.987223
-1.973372
-1.954536
-1.930763
-1.902113
-1.868658
-1.830482
-1.787683
-1.740368
-1.688656
-1.632679
-1.572577
-1.508503
-1.440618
-1.369094
-1.294112
-1.215861
-1.134538
-1.050349
-0.963507
-0.874232
-0.782747
-0.689286
-0.594083
-0.497380
-0.399420
-0.300451
-0.200723
-0.100489
-0.000000
0.100489
0.200723
0.300451
0.399420
0.497380
0.594083
0.689286
0.782747
0.874232
0.963507
1.050349
1.134538
1.215861
1.294112
1.369094
1.440618
1.508503
1.572577
1.632679
1.688656
1.740368
1.787683
1.830482
1.868658
1.902113
1.930763
1.954536
1.973372
1.987223
1.996053
1.999842
1.998579
1.992267
1.980923
1.964575
1.943263
1.917044
1.885981
1.850154
1.809654
1.764582
1.715053
1.661192
1.603134
1.541026
1.475026
1.405300
1.332024
1.255383
1.175571
1.092789
1.007246
0.919160
0.828751
0.736249
0.641887
0.545904
0.448542
0.350046
0.250666
0.150654
0.050260
-0.050260
-0.150654
-0.250666
-0.350046
-0.448542
-0.545904
-0.641887
-0.736249
-0.828751
-0.919160
-1.007246
-1.092789
-1.175571
-1.255383
-1.332024
-1.405300
-1.475026
-1.541026
-1.603134
-1.661192
-1.715053
-1.764582
-1.809654
-1.850154
-1.885981
-1.917044
-1.943263
-1.964575
-1.980923
-1.992267
-1.998579
-1.999842
-1.996053
-1.987223
-1.973372
-1.954536
-1.930763
-1.902113
-1.868658
-1.830482
-1.787683
-1.740368
-1.688656
-1.632679
-1.572577
-1.508503
-1.440618
-1.369094
-1.294112
-1.215861
-1.134538
-1.050349
-0.963507
-0.874232
-0.782747
-0.689286
-0.594083
-0.497380
-0.399420
-0.300451
-0.200723
-0.100489
-0.000000
0.100489
0.200723
0.300451
0.399420
0.497380
0.594083
0.689286
0.782747
0.874232
0.963507
1.050349
1.134538
1.215861
1.294112
1.369094
1.440618
1.508503
1.572577
1.632679
1.688656
1.740368
1.787683
1.830482
1.868658
1.902113
1.930763
1.954536
1.973372
1.987223
1.996053
1.999842
1.998579
1.992267
1.980923
1.964575
1.943263
1.917044
1.885981
1.850154
1.809654
1.764582
1.715053
1.661192
1.603134
1.541026
1.475026
1.405300
1.332024
1.255383
1.175571
1.092789
1.007246
0.919160
0.828751
0.736249
0.641887
0.545904
0.448542
0.350046
0.250666
0.150654
0.050260
-0.050260
-0.150654
-0.250666
-0.350046
-0.448542
-0.545904
-0.641887
-0.736249
-0.828751
-0.919160
-1.007246
-1.092789
-1.175571
-1.255383
-1.332024
-1.405300
-1.475026
-1.541026
-1.603134
-1.661192
-1.715053
-1.764582
-1.809654
-1.850154
-1.885981
-1.917044
-1.943263
-1.964575
-1.980923
-1.992267
-1.998579
-1.999842
-1.996053
-1.987223
-1.973372
-1.954536
-1.930763
-1.902113
-1.868658
-1.830482
-1.787683
-1.740368
-1.688656
-1.632679
-1.572577
-1.508503
-1.440618
-1.369094
-1.294112
-1.215861
-1.134538
-1.050349
-0.963507
-0.874232
-0.782747
-0.689286
-0.594083
-0.497380
-0.399420
-0.300451
-0.200723
-0.100489
-0.000000
0.100489
0.200723
0.300451
0.399420
0.497380
0.594083
0.689286
0.782747
0.874232
0.963507
1.050349
1.134538
1.215861
1.294112
1.369094
1.440618
1.508503
1.572577
1.632679
1.688656
1.740368
1.787683
1.830482
1.868658
1.902113
1.930763
1.954536
1.973372
1.987223
1.996053
1.999842
1.998579
1.992267
1.980923
1.964575
1.943263
1.917044
1.885981
1.850154
1.809654
1.764582
1.715053
1.661192
1.603134
1.541026
1.475026
1.405300
1.332024
1.255383
1.175571
1.092789
1.007246
0.919160
0.828751
0.736249
0.641887
0.545904
0.448542
0.350046
0.250666
0.150654
0.050260
-0.050260
-0.150654
-0.250666
-0.350046
-0.448542
-0.545904
-0.641887
-0.736249
-0.828751
-0.919160
-1.007246
-1.092789
-1.175571
-1.255383
-1.332024
-1.405300
-1.475026
-1.541026
-1.603134
-1.661192
-1.715053
-1.764582
-1.809654
-1.850154
-1.885981
-1.917044
-1.943263
-1.964575
-1.980923
-1.992267
-1.998579
-1.999842
-1.996053
-1.987223
-1.973372
-1.954536
-1.930763
-1.902113
-1.868658
-1.830482
-1.787683
-1.740368
-1.688656
-1.632679
-1.572577
-1.508503
-1.440618
-1.369094
-1.294112
-1.215861
-1.134538
-1.050349
-0.963507
-0.874232
-0.782747
-0.689286
-0.594083
-0.497380
-0.399420
-0.300451
-0.200723
-0.100489
0.000000
0.100489
0.200723
0.300451
0.399420
0.497380
0.594083
0.689286
0.782747
0.874232
0.963507
1.050349
1.134538
1.215861
1.294112
1.369094
1.440618
1.508503
1.572577
1.632679
1.688656
1.740368
1.787683
1.830482
1.868658
1.902113
1.930763
1.954536
1.973372
1.987223
1.996053
1.999842
1.998579
1.992267
1.980923
1.964575
1.943263
1.917044
1.885981
1.850154
1.809654
1.764582
1.715053
1.661192
1.603134
1.541026
1.475026
1.405300
1.332024
1.255383
1.175571
1.092789
1.007246
0.919160
0.828751
0.736249
0.641887
0.545904
0.448542
0.350046
0.250666
0.150654
0.050260
-0.050260
-0.150654
-0.250666
-0.350046
-0.448542
-0.545904
-0.641887
-0.736249
-0.828751
-0.919160
-1.007246
-1.092789
-1.175571
-1.255383
-1.332024
-1.405300
-1.475026
-1.541026
-1.603134
-1.661192
-1.715053
-1.764582
-1.809654
-1.850154
-1.885981
-1.917044
-1.943263
-1.964575
-1.980923
-1.992267
-1.998579
-1.999842
-1.996053
-1.987223
-1.973372
-1.954536
-1.930763
-1.902113
-1.868658
-1.830482
-1.787683
-1.740368
-1.688656
-1.632679
-1.572577
-1.508503
-1.440618
-1.369094
-1.294112
-1.215861
-1.134538
-1.050349
-0.963507
-0.874232
-0.782747
-0.689286
-0.594083
-0.497380
-0.399420
-0.300451
-0.200723
-0.100489
-0.000000
0.100489
0.200723
0.300451
0.399420
0.497380
0.594083
0.689286
0.782747
0.874232
0.963507
1.050349
1.134538
1.215861
1.294112
1.369094
1.440618
1.508503
1.572577
1.632679
1.688656
1.740368
1.787683
1.830482
1.868658
1.902113
1.930763
1.954536
1.973372
1.987223
1.996053
1.999842
1.998579
1.992267
1.980923
1.964575
1.943263
1.917044
1.885981
1.850154
1.809654
1.764582
1.715053
1.661192
1.603134
1.541026
1.475026
1.405300
1.332024
1.255383
1.175571
1.092789
1.007246
0.919160
0.828751
0.736249
0.641887
0.545904
0.448542
0.350046
0.250666
0.150654
0.050260
-0.050260
-0.150654
-0.250666
-0.350046
-0.448542
-0.545904
-0.641887
-0.736249
-0.828751
-0.919160
-1.007246
-1.092789
-1.175571
-1.255383
-1.332024
-1.405300
-1.475026
-1.541026
-1.603134
-1.661192
-1.715053
-1.764582
-1.809654
-1.850154
-1.885981
-1.917044
-1.943263
-1.964575
-1.980923
-1.992267
-1.998579
-1.999842
-1.996053
-1.987223
-1.973372
-1.954536
-1.930763
-1.902113
-1.868658
-1.830482
-1.787683
-1.740368
-1.688656
-1.632679
-1.572577
-1.508503
-1.440618
-1.369094
-1.294112
-1.215861
-1.134538
-1.050349
-0.963507
-0.874232
-0.782747
-0.689286
-0.594083
-0.497380
-0.399420
-0.300451
-0.200723
-0.100489
