0.00
0.05
0.10
0.15
0.20
0.24
0.29
0.34
0.38
0.43
0.47
0.51
0.56
0.60
0.63
0.67
0.71
0.74
0.77
0.80
0.83
0.86
0.88
0.90
0.92
0.94
0.96
0.97
0.98
0.99
1.00
1.00
1.00
1.00
1.00
0.99
0.98
0.97
0.96
0.94
0.92
0.90
0.88
0.86
0.83
0.80
0.77
0.74
0.71
0.67
0.63
0.60
0.56
0.51
0.47
0.43
0.38
0.34
0.29
0.24
0.20
0.15
0.10
0.05
0.00
-0.05
-0.10
-0.15
-0.20
-0.24
-0.29
-0.34
-0.38
-0.43
-0.47
-0.51
-0.56
-0.60
-0.63
-0.67
-0.71
-0.74
-0.77
-0.80
-0.83
-0.86
-0.88
-0.90
-0.92
-0.94
-0.96
-0.97
-0.98
-0.99
-1.00
-1.00
-1.00
-1.00
-1.00
-0.99
-0.98
-0.97
-0.96
-0.94
-0.92
-0.90
-0.88
-0.86
-0.83
-0.80
-0.77
-0.74
-0.71
-0.67
-0.63
-0.60
-0.56
-0.51
-0.47
-0.43
-0.38
-0.34
-0.29
-0.24
-0.20
-0.15
-0.10
-0.05
0.684547	-0.637424	-0.587785	-0.535827	-0.481754	-0.425779	-0.368125	-0.309017	-0.248690	-0.187381	-0.125333	-0.062791	0.000000	0.062791	0.125333	0.187381	0.248690	0.309017	0.368125	0.425779	0.481754	0.535827	0.587785	0.637424	0.684547	0.728969	0.770513	0.809017	0.844328	0.876307	0.904827	0.929776	0.951057	0.968583	0.982287	0.992115	0.998027	1.000000	0.998027	0.992115	0.982287	0.968583	0.951057	0.929776	0.904827	0.876307	0.844328	0.809017	0.770513	0.728969	0.684547	0.637424	0.587785	0.535827	0.481754	0.425779	0.368125	0.309017	0.248690	0.187381	0.125333	0.062791	-0.000000	-0.062791	-0.125333	-0.187381	-0.248690	-0.309017	-0.368125	-0.425779	-0.481754	-0.535827	-0.587785	-0.637424	-0.684547	-0.728969	-0.770513	-0.809017	-0.844328	-0.876307	-0.904827	-0.929776	-0.951057	-0.968583	-0.982287	-0.992115	-0.998027	-1.000000	-0.998027	-0.992115	-0.982287	-0.968583	-0.951057	-0.929776	-0.904827	-0.876307	-0.844328	-0.809017	-0.770513	-0.728969	-0.684547	-0.637424	-0.587785	-0.535827	-0.481754	-0.425779	-0.368125	-0.309017	-0.248690	-0.187381	-0.125333	-0.062791	0.000000	0.062791	0.125333	0.187381	0.248690	0.309017	0.368125	0.425779	0.481754	0.535827	0.587785	0.637424	0.684547	0.728969	0.770513	0.809017	0.844328	0.876307	0.904827	0.929776	0.951057	0.968583	0.982287	0.992115	0.998027	1.000000	0.998027	0.992115	0.982287	0.968583	0.951057	0.929776	0.904827	0.876307	0.844328	0.809017	0.770513	0.728969	0.684547	0.637424	0.587785	0.535827	0.481754	0.425779	0.368125	0.309017	0.248690	0.187381	0.125333	0.062791	-0.000000	-0.062791	-0.125333	-0.187381	-0.248690	-0.309017	-0.368125	-0.425779	-0.481754	-0.535827	-0.587785	-0.637424	-0.684547	-0.728969	-0.770513	-0.809017	-0.844328	-0.876307	-0.904827	-0.929776	-0.951057	-0.968583	-0.982287	-0.992115	-0.998027	-1.000000	-0.998027	-0.992115	-0.982287	-0.968583	-0.951057	-0.929776	-0.904827	-0.876307	-0.844328	-0.809017	-0.770513	-0.728969	-0.684547	-0.637424	-0.587785	-0.535827	-0.481754	-0.425779	-0.368125	-0.309017	-0.248690	-0.187381	-0.125333	-0.062791	0.000000	0.062791	0.125333	0.187381	0.248690	0.309017	0.368125	0.425779	0.481754	0.535827	0.587785	0.637424	0.684547	0.728969	0.770513	0.809017	0.844328	0.876307	0.904827	0.929776	0.951057	0.968583	0.982287	0.992115	0.998027	1.000000	0.998027	0.992115	0.982287	0.968583	0.951057	0.929776	0.904827	0.876307	0.844328	0.809017	0.770513	0.728969	0.684547	0.637424	0.587785	0.535827	0.481754	0.425779	0.368125	0.309017	0.248690	0.187381	0.125333	0.062791	-0.000000	-0.062791	-0.125333	-0.187381	-0.248690	-0.309017	-0.368125	-0.425779	-0.481754	-0.535827	-0.587785	-0.637424	-0.684547	-0.728969	-0.770513	-0.809017	-0.844328	-0.876307	-0.904827	-0.929776	-0.951057	-0.968583	-0.982287	-0.992115	-0.998027	-1.000000	-0.998027	-0.992115	-0.982287	-0.968583	-0.951057	-0.929776	-0.904827	-0.876307	-0.844328	-0.809017	-0.770513	-0.728969	-0.684547	-0.637424	-0.587785	-0.535827	-0.481754	-0.425779	-0.368125	-0.309017	-0.248690	-0.187381	-0.125333	-0.062791	0.000000	0.062791	0.125333	0.187381	0.248690	0.309017	0.368125	0.425779	0.481754	0.535827	0.587785	0.637424	0.684547	0.728969	0.770513	0.809017	0.844328	0.876307	0.904827	0.929776	0.951057	0.968583	0.982287	0.992115	0.998027	1.000000	0.998027	0.992115	0.982287	0.968583	0.951057	0.929776	0.904827	0.876307	0.844328	0.809017	0.770513	0.728969	0.684547	0.637424	0.587785	0.535827	0.481754	0.425779	0.368125	0.309017	0.248690	0.187381	0.125333	0.062791	-0.000000	-0.062791	-0.125333	-0.187381	-0.248690	-0.309017	-0.368125	-0.425779	-0.481754	-0.535827	-0.587785	-0.637424	-0.684547	-0.728969	-0.770513	-0.809017	-0.844328	-0.876307	-0.904827	-0.929776	-0.951057	-0.968583	-0.982287	-0.992115	-0.998027	-1.000000	-0.998027	-0.992115	-0.982287	-0.968583	-0.951057	-0.929776	-0.904827	-0.876307	-0.844328	-0.809017	-0.770513	-0.728969	-0.684547	-0.637424	-0.587785	-0.535827	-0.481754	-0.425779	-0.368125	-0.309017	-0.248690	-0.187381	-0.125333	-0.062791	0.000000	0.062791	0.125333	0.187381	0.248690	0.309017	0.368125	0.425779	0.481754	0.535827	0.587785	0.637424	0.684547	0.728969	0.770513	0.809017	0.844328	0.876307	0.904827	0.929776	0.951057	0.968583	0.982287	0.992115	0.998027	1.000000	0.998027	0.992115	0.982287	0.968583	0.951057	0.929776	0.904827	0.876307	0.844328	0.809017	0.770513	0.728969	0.684547	0.637424	0.587785	0.535827	0.481754	0.425779	0.368125	0.309017	0.248690	0.187381	0.125333	0.062791	-0.000000	-0.062791	-0.125333	-0.187381	-0.248690	-0.309017	-0.368125	-0.425779	-0.481754	-0.535827	-0.587785	-0.637424	-0.684547	-0.728969	-0.770513	-0.809017	-0.844328	-0.876307	-0.904827	-0.929776	-0.951057	-0.968583	-0.982287	-0.992115	-0.998027	-1.000000	-0.998027	-0.992115	-0.982287	-0.968583	-0.951057	-0.929776	-0.904827	-0.876307	-0.844328	-0.809017	-0.770513	-0.728969	-0.684547	-0.637424	-0.587785	-0.535827	-0.481754	-0.425779	-0.368125	-0.309017	-0.248690	-0.187381	-0.125333	-0.062791	0.000000	0.062791	0.125333	0.187381	0.248690	0.309017	0.368125	0.425779	0.481754	0.535827	0.587785	0.637424	0.684547	0.728969	0.770513	0.809017	0.844328	0.876307	0.904827	0.929776	0.951057	0.968583	0.982287	0.992115	0.998027	1.000000	0.998027	0.992115	0.982287	0.968583	0.951057	0.929776	0.904827	0.876307	0.844328	0.809017	0.770513	0.728969	0.684547	0.637424	0.587785	0.535827	0.481754	0.425779	0.368125	0.309017	0.248690	0.187381	0.125333	0.062791	-0.000000	-0.062791	-0.125333	-0.187381	-0.248690	-0.309017	-0.368125	-0.425779	-0.481754	-0.535827	-0.587785	-0.637424	-0.684547	-0.728969	-0.770513	-0.809017	-0.844328	-0.876307	-0.904827	-0.929776	-0.951057	-0.968583	-0.982287	-0.992115	-0.998027	-1.000000	-0.998027	-0.992115	-0.982287	-0.968583	-0.951057	-0.929776	-0.904827	-0.876307	-0.844328	-0.809017	-0.770513	-0.728969	-0.684547	-0.637424	-0.587785	-0.535827	-0.481754	-0.425779	-0.368125	-0.309017	-0.248690	-0.187381	-0.125333	-0.062791	0.000000	0.062791	0.125333	0.187381	0.248690	0.309017	0.368125	0.425779	0.481754	0.535827	0.587785	0.637424	0.684547	0.728969	0.770513	0.809017	0.844328	0.876307	0.904827	0.929776	0.951057	0.968583	0.982287	0.992115	0.998027	1.000000	0.998027	0.992115	0.982287	0.968583	0.951057	0.929776	0.904827	0.876307	0.844328	0.809017	0.770513	0.728969	0.684547	0.637424	0.587785	0.535827	0.481754	0.425779	0.368125	0.309017	0.248690	0.187381	0.125333	0.062791	-0.000000	-0.062791	-0.125333	-0.187381	-0.248690	-0.309017	-0.368125	-0.425779	-0.481754	-0.535827	-0.587785	-0.637424	-0.684547	-0.728969	-0.770513	-0.809017	-0.844328	-0.876307	-0.904827	-0.929776	-0.951057	-0.968583	-0.982287	-0.992115	-0.998027	-1.000000	-0.998027	-0.992115	-0.982287	-0.968583	-0.951057	-0.929776	-0.904827	-0.876307	-0.844328	-0.809017	-0.770513	-0.728969	-0.684547	-0.637424	-0.587785	-0.535827	-0.481754	-0.425779	-0.368125	-0.309017	-0.248690	-0.187381	-0.125333	-0.062791	0.000000	0.062791	0.125333	0.187381	0.248690	0.309017	0.368125	0.425779	0.481754	0.535827	0.587785	0.637424	0.684547	0.728969	0.770513	0.809017	0.844328	0.876307	0.904827	0.929776	0.951057	0.968583	0.982287	0.992115	0.998027	1.000000	0.998027	0.992115	0.982287	0.968583	0.951057	0.929776	0.904827	0.876307	0.844328	0.809017	0.770513	0.728969	0.684547	0.637424	0.587785	0.535827	0.481754	0.425779	0.368125	0.309017	0.248690	0.187381	0.125333	0.062791	-0.000000	-0.062791	-0.125333	-0.187381	-0.248690	-0.309017	-0.368125	-0.425779	-0.481754	-0.535827	-0.587785	-0.637424	-0.684547	-0.728969	-0.770513	-0.809017	-0.844328	-0.876307	-0.904827	-0.929776	-0.951057	-0.968583	-0.982287	-0.992115	-0.998027	-1.000000	-0.998027	-0.992115	-0.982287	-0.968583	-0.951057	-0.929776	-0.904827	-0.876307	-0.844328	-0.809017	-0.770513	-0.728969	-0.684547	-0.637424	-0.587785	-0.535827	-0.481754	-0.425779	-0.368125	-0.309017	-0.248690	-0.187381	-0.125333	-0.062791	0.000000	0.062791	0.125333	0.187381	0.248690	0.309017	0.368125	0.425779	0.481754	0.535827	0.587785	0.637424	0.684547	0.728969	0.770513	0.809017	0.844328	0.876307	0.904827	0.929776	0.951057	0.968583	0.982287	0.992115	0.998027	1.000000	0.998027	0.992115	0.982287	0.968583	0.951057	0.929776	0.904827	0.876307	0.844328	0.809017	0.770513	0.728969	0.684547	0.637424	0.587785	0.535827	0.481754	0.425779	0.368125	0.309017	0.248690	0.187381	0.125333	0.062791	-0.000000	-0.062791	-0.125333	-0.187381	-0.248690	-0.309017	-0.368125	-0.425779	-0.481754	-0.535827	-0.587785	-0.637424	-0.684547	-0.728969	-0.770513	-0.809017	-0.844328	-0.876307	-0.904827	-0.929776	-0.951057	-0.968583	-0.982287	-0.992115	-0.998027	-1.000000	-0.998027	-0.992115	-0.982287	-0.968583	-0.951057	-0.929776	-0.904827	-0.876307	-0.844328	-0.809017	-0.770513	-0.728969	-0.684547	-0.637424	-0.587785	-0.535827	-0.481754	-0.425779	-0.368125	-0.309017	-0.248690	-0.187381	-0.125333	-0.062791
1.000000	1.000000	1.000000	1.000000	1.000000	1.000000	1.000000	1.000000	1.000000	1.000000	1.000000	1.000000	1.000000	1.000000	1.000000	1.000000	1.000000	1.000000	1.000000	1.000000	1.000000	1.000000	1.000000	1.000000	1.000000	1.000000	1.000000	1.000000	1.000000	1.000000	1.000000	1.000000	1.000000	1.000000	1.000000	1.000000	1.000000	1.000000	1.000000	1.000000	1.000000	1.000000	1.000000	1.000000	1.000000	1.000000	1.000000	1.000000	1.000000	1.000000	-1.000000	-1.000000	-1.000000	-1.000000	-1.000000	-1.000000	-1.000000	-1.000000	-1.000000	-1.000000	-1.000000	-1.000000	-1.000000	-1.000000	-1.000000	-1.000000	-1.000000	-1.000000	-1.000000	-1.000000	-1.000000	-1.000000	-1.000000	-1.000000	-1.000000	-1.000000	-1.000000	-1.000000	-1.000000	-1.000000	-1.000000	-1.000000	-1.000000	-1.000000	-1.000000	-1.000000	-1.000000	-1.000000	-1.000000	-1.000000	-1.000000	-1.000000	-1.000000	-1.000000	-1.000000	-1.000000	-1.000000	-1.000000	-1.000000	-1.000000	1.000000	1.000000	1.000000	1.000000	1.000000	1.000000	1.000000	1.000000	1.000000	1.000000	1.000000	1.000000	1.000000	1.000000	1.000000	1.000000	1.000000	1.000000	1.000000	1.000000	1.000000	1.000000	1.000000	1.000000	1.000000	1.000000	1.000000	1.000000	1.000000	1.000000	1.000000	1.000000	1.000000	1.000000	1.000000	1.000000	1.000000	1.000000	1.000000	1.000000	1.000000	1.000000	1.000000	1.000000	1.000000	1.000000	1.000000	1.000000	1.000000	1.000000	-1.000000	-1.000000	-1.000000	-1.000000	-1.000000	-1.000000	-1.000000	-1.000000	-1.000000	-1.000000	-1.000000	-1.000000	-1.000000	-1.000000	-1.000000	-1.000000	-1.000000	-1.000000	-1.000000	-1.000000	-1.000000	-1.000000	-1.000000	-1.000000	-1.000000	-1.000000	-1.000000	-1.000000	-1.000000	-1.000000	-1.000000	-1.000000	-1.000000	-1.000000	-1.000000	-1.000000	-1.000000	-1.000000	-1.000000	-1.000000	-1.000000	-1.000000	-1.000000	-1.000000	-1.000000	-1.000000	-1.000000	-1.000000	-1.000000	-1.000000	1.000000	1.000000	1.000000	1.000000	1.000000	1.000000	1.000000	1.000000	1.000000	1.000000	1.000000	1.000000	1.000000	1.000000	1.000000	1.000000	1.000000	1.000000	1.000000	1.000000	1.000000	1.000000	1.000000	1.000000	1.000000	1.000000	1.000000	1.000000	1.000000	1.000000	1.000000	1.000000	1.000000	1.000000	1.000000	1.000000	1.000000	1.000000	1.000000	1.000000	1.000000	1.000000	1.000000	1.000000	1.000000	1.000000	1.000000	1.000000	1.000000	1.000000	-1.000000	-1.000000	-1.000000	-1.000000	-1.000000	-1.000000	-1.000000	-1.000000	-1.000000	-1.000000	-1.000000	-1.000000	-1.000000	-1.000000	-1.000000	-1.000000	-1.000000	-1.000000	-1.000000	-1.000000	-1.000000	-1.000000	-1.000000	-1.000000	-1.000000	-1.000000	-1.000000	-1.000000	-1.000000	-1.000000	-1.000000	-1.000000	-1.000000	-1.000000	-1.000000	-1.000000	-1.000000	-1.000000	-1.000000	-1.000000	-1.000000	-1.000000	-1.000000	-1.000000	-1.000000	-1.000000	-1.000000	-1.000000	-1.000000	-1.000000	1.000000	1.000000	1.000000	1.000000	1.000000	1.000000	1.000000	1.000000	1.000000	1.000000	1.000000	1.000000	1.000000	1.000000	1.000000	1.000000	1.000000	1.000000	1.000000	1.000000	1.000000	1.000000	1.000000	1.000000	1.000000	1.000000	1.000000	1.000000	1.000000	1.000000	1.000000	1.000000	1.000000	1.000000	1.000000	1.000000	1.000000	1.000000	1.000000	1.000000	1.000000	1.000000	1.000000	1.000000	1.000000	1.000000	1.000000	1.000000	1.000000	1.000000	-1.000000	-1.000000	-1.000000	-1.000000	-1.000000	-1.000000	-1.000000	-1.000000	-1.000000	-1.000000	-1.000000	-1.000000	-1.000000	-1.000000	-1.000000	-1.000000	-1.000000	-1.000000	-1.000000	-1.000000	-1.000000	-1.000000	-1.000000	-1.000000	-1.000000	-1.000000	-1.000000	-1.000000	-1.000000	-1.000000	-1.000000	-1.000000	-1.000000	-1.000000	-1.000000	-1.000000	-1.000000	-1.000000	-1.000000	-1.000000	-1.000000	-1.000000	-1.000000	-1.000000	-1.000000	-1.000000	-1.000000	-1.000000	-1.000000	-1.000000	1.000000	1.000000	1.000000	1.000000	1.000000	1.000000	1.000000	1.000000	1.000000	1.000000	1.000000	1.000000	1.000000	1.000000	1.000000	1.000000	1.000000	1.000000	1.000000	1.000000	1.000000	1.000000	1.000000	1.000000	1.000000	1.000000	1.000000	1.000000	1.000000	1.000000	1.000000	1.000000	1.000000	1.000000	1.000000	1.000000	1.000000	1.000000	1.000000	1.000000	1.000000	1.000000	1.000000	1.000000	1.000000	1.000000	1.000000	1.000000	1.000000	1.000000	-1.000000	-1.000000	-1.000000	-1.000000	-1.000000	-1.000000	-1.000000	-1.000000	-1.000000	-1.000000	-1.000000	-1.000000	-1.000000	-1.000000	-1.000000	-1.000000	-1.000000	-1.000000	-1.000000	-1.000000	-1.000000	-1.000000	-1.000000	-1.000000	-1.000000	-1.000000	-1.000000	-1.000000	-1.000000	-1.000000	-1.000000	-1.000000	-1.000000	-1.000000	-1.000000	-1.000000	-1.000000	-1.000000	-1.000000	-1.000000	-1.000000	-1.000000	-1.000000	-1.000000	-1.000000	-1.000000	-1.000000	-1.000000	-1.000000	-1.000000	1.000000	1.000000	1.000000	1.000000	1.000000	1.000000	1.000000	1.000000	1.000000	1.000000	1.000000	1.000000	1.000000	1.000000	1.000000	1.000000	1.000000	1.000000	1.000000	1.000000	1.000000	1.000000	1.000000	1.000000	1.000000	1.000000	1.000000	1.000000	1.000000	1.000000	1.000000	1.000000	1.000000	1.000000	1.000000	1.000000	1.000000	1.000000	1.000000	1.000000	1.000000	1.000000	1.000000	1.000000	1.000000	1.000000	1.000000	1.000000	1.000000	1.000000	-1.000000	-1.000000	-1.000000	-1.000000	-1.000000	-1.000000	-1.000000	-1.000000	-1.000000	-1.000000	-1.000000	-1.000000	-1.000000	-1.000000	-1.000000	-1.000000	-1.000000	-1.000000	-1.000000	-1.000000	-1.000000	-1.000000	-1.000000	-1.000000	-1.000000	-1.000000	-1.000000	-1.000000	-1.000000	-1.000000	-1.000000	-1.000000	-1.000000	-1.000000	-1.000000	-1.000000	-1.000000	-1.000000	-1.000000	-1.000000	-1.000000	-1.000000	-1.000000	-1.000000	-1.000000	-1.000000	-1.000000	-1.000000	-1.000000	-1.000000	1.000000	1.000000	1.000000	1.000000	1.000000	1.000000	1.000000	1.000000	1.000000	1.000000	1.000000	1.000000	1.000000	1.000000	1.000000	1.000000	1.000000	1.000000	1.000000	1.000000	1.000000	1.000000	1.000000	1.000000	1.000000	1.000000	1.000000	1.000000	1.000000	1.000000	1.000000	1.000000	1.000000	1.000000	1.000000	1.000000	1.000000	1.000000	1.000000	1.000000	1.000000	1.000000	1.000000	1.000000	1.000000	1.000000	1.000000	1.000000	1.000000	1.000000	-1.000000	-1.000000	-1.000000	-1.000000	-1.000000	-1.000000	-1.000000	-1.000000	-1.000000	-1.000000	-1.000000	-1.000000	-1.000000	-1.000000	-1.000000	-1.000000	-1.000000	-1.000000	-1.000000	-1.000000	-1.000000	-1.000000	-1.000000	-1.000000	-1.000000	-1.000000	-1.000000	-1.000000	-1.000000	-1.000000	-1.000000	-1.000000	-1.000000	-1.000000	-1.000000	-1.000000	-1.000000	-1.000000	-1.000000	-1.000000	-1.000000	-1.000000	-1.000000	-1.000000	-1.000000	-1.000000	-1.000000	-1.000000	-1.000000	-1.000000	1.000000	1.000000	1.000000	1.000000	1.000000	1.000000	1.000000	1.000000	1.000000	1.000000	1.000000	1.000000	1.000000	1.000000	1.000000	1.000000	1.000000	1.000000	1.000000	1.000000	1.000000	1.000000	1.000000	1.000000	1.000000	1.000000	1.000000	1.000000	1.000000	1.000000	1.000000	1.000000	1.000000	1.000000	1.000000	1.000000	1.000000	1.000000	1.000000	1.000000	1.000000	1.000000	1.000000	1.000000	1.000000	1.000000	1.000000	1.000000	1.000000	1.000000	-1.000000	-1.000000	-1.000000	-1.000000	-1.000000	-1.000000	-1.000000	-1.000000	-1.000000	-1.000000	-1.000000	-1.000000	-1.000000	-1.000000	-1.000000	-1.000000	-1.000000	-1.000000	-1.000000	-1.000000	-1.000000	-1.000000	-1.000000	-1.000000	-1.000000	-1.000000	-1.000000	-1.000000	-1.000000	-1.000000	-1.000000	-1.000000	-1.000000	-1.000000	-1.000000	-1.000000	-1.000000	-1.000000	-1.000000	-1.000000	-1.000000	-1.000000	-1.000000	-1.000000	-1.000000	-1.000000	-1.000000	-1.000000	-1.000000	-1.000000	1.000000	1.000000	1.000000	1.000000	1.000000	1.000000	1.000000	1.000000	1.000000	1.000000	1.000000	1.000000	1.000000	1.000000	1.000000	1.000000	1.000000	1.000000	1.000000	1.000000	1.000000	1.000000	1.000000	1.000000	1.000000	1.000000	1.000000	1.000000	1.000000	1.000000	1.000000	1.000000	1.000000	1.000000	1.000000	1.000000	1.000000	1.000000	1.000000	1.000000	1.000000	1.000000	1.000000	1.000000	1.000000	1.000000	1.000000	1.000000	1.000000	1.000000	-1.000000	-1.000000	-1.000000	-1.000000	-1.000000	-1.000000	-1.000000	-1.000000	-1.000000	-1.000000	-1.000000	-1.000000	-1.000000	-1.000000	-1.000000	-1.000000	-1.000000	-1.000000	-1.000000	-1.000000	-1.000000	-1.000000	-1.000000	-1.000000	-1.000000	-1.000000	-1.000000	-1.000000	-1.000000	-1.000000	-1.000000	-1.000000	-1.000000	-1.000000	-1.000000	-1.000000	-1.000000	-1.000000	-1.000000	-1.000000	-1.000000	-1.000000	-1.000000	-1.000000	-1.000000	-1.000000	-1.000000	-1.000000	-1.000000	-1.000000	1.000000	1.000000	1.000000	1.000000	1.000000	1.000000	1.000000	1.000000	1.000000	1.000000	1.000000	1.000000	1.000000	1.000000	1.000000	1.000000	1.000000	1.000000	1.000000	1.000000	1.000000	1.000000	1.000000	1.000000	1.000000	1.000000	1.000000	1.000000	1.000000	1.000000	1.000000	1.000000	1.000000	1.000000	1.000000	1.000000	1.000000	1.000000	1.000000	1.000000	1.000000	1.000000	1.000000	1.000000	1.000000	1.000000	1.000000	1.000000	1.000000	1.000000	-1.000000	-1.000000	-1.000000	-1.000000	-1.000000	-1.000000	-1.000000	-1.000000	-1.000000	-1.000000	-1.000000	-1.000000	-1.000000	-1.000000	-1.000000	-1.000000	-1.000000	-1.000000	-1.000000	-1.000000	-1.000000	-1.000000	-1.000000	-1.000000	-1.000000	-1.000000	-1.000000	-1.000000	-1.000000	-1.000000	-1.000000	-1.000000	-1.000000	-1.000000	-1.000000	-1.000000	-1.000000	-1.000000	-1.000000	-1.000000	-1.000000	-1.000000	-1.000000	-1.000000	-1.000000	-1.000000	-1.000000	-1.000000	-1.000000	-1.000000
0.000000	0.062791	0.125333	0.187381	0.248690	0.309017	0.368125	0.425779	0.481754	0.535827	0.587785	0.637424	0.684547	0.728969	0.770513	0.809017	0.844328	0.876307	0.904827	0.929776	0.951057	0.968583	0.982287	0.992115	0.998027	1.000000	0.998027	0.992115	0.982287	0.968583	0.951057	0.929776	0.904827	0.876307	0.844328	0.809017	0.770513	0.728969	0.684547	0.637424	0.587785	0.535827	0.481754	0.425779	0.368125	0.309017	0.248690	0.187381	0.125333	0.062791	-0.000000	-0.062791	-0.125333	-0.187381	-0.248690	-0.309017	-0.368125	-0.425779	-0.481754	-0.535827	-0.587785	-0.637424	-0.684547	-0.728969	-0.770513	-0.809017	-0.844328	-0.876307	-0.904827	-0.929776	-0.951057	-0.968583	-0.982287	-0.992115	-0.998027	-1.000000	-0.998027	-0.992115	-0.982287	-0.968583	-0.951057	-0.929776	-0.904827	-0.876307	-0.844328	-0.809017	-0.770513	-0.728969	-0.684547	-0.637424	-0.587785	-0.535827	-0.481754	-0.425779	-0.368125	-0.309017	-0.248690	-0.187381	-0.125333	-0.062791	0.000000	0.062791	0.125333	0.187381	0.248690	0.309017	0.368125	0.425779	0.481754	0.535827	0.587785	0.637424	0.684547	0.728969	0.770513	0.809017	0.844328	0.876307	0.904827	0.929776	0.951057	0.968583	0.982287	0.992115	0.998027	1.000000	0.998027	0.992115	0.982287	0.968583	0.951057	0.929776	0.904827	0.876307	0.844328	0.809017	0.770513	0.728969	0.684547	0.637424	0.587785	0.535827	0.481754	0.425779	0.368125	0.309017	0.248690	0.187381	0.125333	0.062791	-0.000000	-0.062791	-0.125333	-0.187381	-0.248690	-0.309017	-0.368125	-0.425779	-0.481754	-0.535827	-0.587785	-0.637424	-0.684547	-0.728969	-0.770513	-0.809017	-0.844328	-0.876307	-0.904827	-0.929776	-0.951057	-0.968583	-0.982287	-0.992115	-0.998027	-1.000000	-0.998027	-0.992115	-0.982287	-0.968583	-0.951057	-0.929776	-0.904827	-0.876307	-0.844328	-0.809017	-0.770513	-0.728969	-0.684547	-0.637424	-0.587785	-0.535827	-0.481754	-0.425779	-0.368125	-0.309017	-0.248690	-0.187381	-0.125333	-0.062791	0.000000	0.062791	0.125333	0.187381	0.248690	0.309017	0.368125	0.425779	0.481754	0.535827	0.587785	0.637424	0.684547	0.728969	0.770513	0.809017	0.844328	0.876307	0.904827	0.929776	0.951057	0.968583	0.982287	0.992115	0.998027	1.000000	0.998027	0.992115	0.982287	0.968583	0.951057	0.929776	0.904827	0.876307	0.844328	0.809017	0.770513	0.728969	0.684547	0.637424	0.587785	0.535827	0.481754	0.425779	0.368125	0.309017	0.248690	0.187381	0.125333	0.062791	-0.000000	-0.062791	-0.125333	-0.187381	-0.248690	-0.309017	-0.368125	-0.425779	-0.481754	-0.535827	-0.587785	-0.637424	-0.684547	-0.728969	-0.770513	-0.809017	-0.844328	-0.876307	-0.904827	-0.929776	-0.951057	-0.968583	-0.982287	-0.992115	-0.998027	-1.000000	-0.998027	-0.992115	-0.982287	-0.968583	-0.951057	-0.929776	-0.904827	-0.876307	-0.844328	-0.809017	-0.770513	-0.728969	-0.684547	-0.637424	-0.587785	-0.535827	-0.481754	-0.425779	-0.368125	-0.309017	-0.248690	-0.187381	-0.125333	-0.062791	0.000000	0.062791	0.125333	0.187381	0.248690	0.309017	0.368125	0.425779	0.481754	0.535827	0.587785	0.637424	0.684547	0.728969	0.770513	0.809017	0.844328	0.876307	0.904827	0.929776	0.951057	0.968583	0.982287	0.992115	0.998027	1.000000	0.998027	0.992115	0.982287	0.968583	0.951057	0.929776	0.904827	0.876307	0.844328	0.809017	0.770513	0.728969	0.684547	0.637424	0.587785	0.535827	0.481754	0.425779	0.368125	0.309017	0.248690	0.187381	0.125333	0.062791	-0.000000	-0.062791	-0.125333	-0.187381	-0.248690	-0.309017	-0.368125	-0.425779	-0.481754	-0.535827	-0.587785	-0.637424	-0.684547	-0.728969	-0.770513	-0.809017	-0.844328	-0.876307	-0.904827	-0.929776	-0.951057	-0.968583	-0.982287	-0.992115	-0.998027	-1.000000	-0.998027	-0.992115	-0.982287	-0.968583	-0.951057	-0.929776	-0.904827	-0.876307	-0.844328	-0.809017	-0.770513	-0.728969	-0.684547	-0.637424	-0.587785	-0.535827	-0.481754	-0.425779	-0.368125	-0.309017	-0.248690	-0.187381	-0.125333	-0.062791	0.000000	0.062791	0.125333	0.187381	0.248690	0.309017	0.368125	0.425779	0.481754	0.535827	0.587785	0.637424	0.684547	0.728969	0.770513	0.809017	0.844328	0.876307	0.904827	0.929776	0.951057	0.968583	0.982287	0.992115	0.998027	1.000000	0.998027	0.992115	0.982287	0.968583	0.951057	0.929776	0.904827	0.876307	0.844328	0.809017	0.770513	0.728969	0.684547	0.637424	0.587785	0.535827	0.481754	0.425779	0.368125	0.309017	0.248690	0.187381	0.125333	0.062791	-0.000000	-0.062791	-0.125333	-0.187381	-0.248690	-0.309017	-0.368125	-0.425779	-0.481754	-0.535827	-0.587785	-0.637424	-0.684547	-0.728969	-0.770513	-0.809017	-0.844328	-0.876307	-0.904827	-0.929776	-0.951057	-0.968583	-0.982287	-0.992115	-0.998027	-1.000000	-0.998027	-0.992115	-0.982287	-0.968583	-0.951057	-0.929776	-0.904827	-0.876307	-0.844328	-0.809017	-0.770513	-0.728969	-0.684547	-0.637424	-0.587785	-0.535827	-0.481754	-0.425779	-0.368125	-0.309017	-0.248690	-0.187381	-0.125333	-0.062791	0.000000	0.062791	0.125333	0.187381	0.248690	0.309017	0.368125	0.425779	0.481754	0.535827	0.587785	0.637424	0.684547	0.728969	0.770513	0.809017	0.844328	0.876307	0.904827	0.929776	0.951057	0.968583	0.982287	0.992115	0.998027	1.000000	0.998027	0.992115	0.982287	0.968583	0.951057	0.929776	0.904827	0.876307	0.844328	0.809017	0.770513	0.728969	0.684547	0.637424	0.587785	0.535827	0.481754	0.425779	0.368125	0.309017	0.248690	0.187381	0.125333	0.062791	-0.000000	-0.062791	-0.125333	-0.187381	-0.248690	-0.309017	-0.368125	-0.425779	-0.481754	-0.535827	-0.587785	-0.637424	-0.684547	-0.728969	-0.770513	-0.809017	-0.844328	-0.876307	-0.904827	-0.929776	-0.951057	-0.968583	-0.982287	-0.992115	-0.998027	-1.000000	-0.998027	-0.992115	-0.982287	-0.968583	-0.951057	-0.929776	-0.904827	-0.876307	-0.844328	-0.809017	-0.770513	-0.728969	-0.684547	-0.637424	-0.587785	-0.535827	-0.481754	-0.425779	-0.368125	-0.309017	-0.248690	-0.187381	-0.125333	-0.062791	0.000000	0.062791	0.125333	0.187381	0.248690	0.309017	0.368125	0.425779	0.481754	0.535827	0.587785	0.637424	0.684547	0.728969	0.770513	0.809017	0.844328	0.876307	0.904827	0.929776	0.951057	0.968583	0.982287	0.992115	0.998027	1.000000	0.998027	0.992115	0.982287	0.968583	0.951057	0.929776	0.904827	0.876307	0.844328	0.809017	0.770513	0.728969	0.684547	0.637424	0.587785	0.535827	0.481754	0.425779	0.368125	0.309017	0.248690	0.187381	0.125333	0.062791	-0.000000	-0.062791	-0.125333	-0.187381	-0.248690	-0.309017	-0.368125	-0.425779	-0.481754	-0.535827	-0.587785	-0.637424	-0.684547	-0.728969	-0.770513	-0.809017	-0.844328	-0.876307	-0.904827	-0.929776	-0.951057	-0.968583	-0.982287	-0.992115	-0.998027	-1.000000	-0.998027	-0.992115	-0.982287	-0.968583	-0.951057	-0.929776	-0.904827	-0.876307	-0.844328	-0.809017	-0.770513	-0.728969	-0.684547	-0.637424	-0.587785	-0.535827	-0.481754	-0.425779	-0.368125	-0.309017	-0.248690	-0.187381	-0.125333	-0.062791	0.000000	0.062791	0.125333	0.187381	0.248690	0.309017	0.368125	0.425779	0.481754	0.535827	0.587785	0.637424	0.684547	0.728969	0.770513	0.809017	0.844328	0.876307	0.904827	0.929776	0.951057	0.968583	0.982287	0.992115	0.998027	1.000000	0.998027	0.992115	0.982287	0.968583	0.951057	0.929776	0.904827	0.876307	0.844328	0.809017	0.770513	0.728969	0.684547	0.637424	0.587785	0.535827	0.481754	0.425779	0.368125	0.309017	0.248690	0.187381	0.125333	0.062791	-0.000000	-0.062791	-0.125333	-0.187381	-0.248690	-0.309017	-0.368125	-0.425779	-0.481754	-0.535827	-0.587785	-0.637424	-0.684547	-0.728969	-0.770513	-0.809017	-0.844328	-0.876307	-0.904827	-0.929776	-0.951057	-0.968583	-0.982287	-0.992115	-0.998027	-1.000000	-0.998027	-0.992115	-0.982287	-0.968583	-0.951057	-0.929776	-0.904827	-0.876307	-0.844328	-0.809017	-0.770513	-0.728969	-0.684547	-0.637424	-0.587785	-0.535827	-0.481754	-0.425779	-0.368125	-0.309017	-0.248690	-0.187381	-0.125333	-0.062791	0.000000	0.062791	0.125333	0.187381	0.248690	0.309017	0.368125	0.425779	0.481754	0.535827	0.587785	0.637424	0.684547	0.728969	0.770513	0.809017	0.844328	0.876307	0.904827	0.929776	0.951057	0.968583	0.982287	0.992115	0.998027	1.000000	0.998027	0.992115	0.982287	0.968583	0.951057	0.929776	0.904827	0.876307	0.844328	0.809017	0.770513	0.728969	0.684547	0.637424	0.587785	0.535827	0.481754	0.425779	0.368125	0.309017	0.248690	0.187381	0.125333	0.062791	-0.000000	-0.062791	-0.125333	-0.187381	-0.248690	-0.309017	-0.368125	-0.425779	-0.481754	-0.535827	-0.587785	-0.637424	-0.684547	-0.728969	-0.770513	-0.809017	-0.844328	-0.876307	-0.904827	-0.929776	-0.951057	-0.968583	-0.982287	-0.992115	-0.998027	-1.000000	-0.998027	-0.992115	-0.982287	-0.968583	-0.951057	-0.929776	-0.904827	-0.876307	-0.844328	-0.809017	-0.770513	-0.728969	-0.684547	-0.637424	-0.587785	-0.535827	-0.481754	-0.425779	-0.368125	-0.309017	-0.248690	-0.187381	-0.125333	-0.062791	0.000000	0.062791	0.125333	0.187381	0.248690	0.309017	0.368125	0.425779	0.481754	0.535827	0.587785	0.637424	0.684547	0.728969	0.770513	0.809017	0.844328	0.876307	0.904827	0.929776	0.951057	0.968583	0.982287	0.992115	0.998027	1.000000	0.998027	0.992115	0.982287	0.968583	0.951057	0.929776	0.904827	0.876307	0.844328	0.809017	0.770513	0.728969	0.684547	0.637424	0.587785	0.535827	0.481754	0.425779	0.368125	0.309017	0.248690	0.187381	0.125333	0.062791	-0.000000	-0.062791	-0.125333	-0.187381	-0.248690	-0.309017	-0.368125	-0.425779	-0.481754	-0.535827	-0.587785	-0.637424	-0.684547	-0.728969	-0.770513	-0.809017	-0.844328	-0.876307	-0.904827	-0.929776	-0.951057	-0.968583	-0.982287	-0.992115	-0.998027	-1.000000	-0.998027	-0.992115	-0.982287	-0.968583	-0.951057	-0.929776	-0.904827	-0.876307	-0.844328	-0.809017	-0.770513	-0.728969	-0.684547	-0.637424	-0.587785	-0.535827	-0.481754	-0.425779	-0.368125	-0.309017	-0.248690	-0.187381	-0.125333	-0.062791
1.000000	1.000000	1.000000	1.000000	1.000000	1.000000	1.000000	1.000000	1.000000	1.000000	1.000000	1.000000	1.000000	1.000000	1.000000	1.000000	1.000000	1.000000	1.000000	1.000000	1.000000	1.000000	1.000000	1.000000	1.000000	1.000000	1.000000	1.000000	1.000000	1.000000	1.000000	1.000000	1.000000	1.000000	1.000000	1.000000	1.000000	1.000000	1.000000	1.000000	1.000000	1.000000	1.000000	1.000000	1.000000	1.000000	1.000000	1.000000	1.000000	1.000000	-1.000000	-1.000000	-1.000000	-1.000000	-1.000000	-1.000000	-1.000000	-1.000000	-1.000000	-1.000000	-1.000000	-1.000000	-1.000000	-1.000000	-1.000000	-1.000000	-1.000000	-1.000000	-1.000000	-1.000000	-1.000000	-1.000000	-1.000000	-1.000000	-1.000000	-1.000000	-1.000000	-1.000000	-1.000000	-1.000000	-1.000000	-1.000000	-1.000000	-1.000000	-1.000000	-1.000000	-1.000000	-1.000000	-1.000000	-1.000000	-1.000000	-1.000000	-1.000000	-1.000000	-1.000000	-1.000000	-1.000000	-1.000000	-1.000000	-1.000000	1.000000	1.000000	1.000000	1.000000	1.000000	1.000000	1.000000	1.000000	1.000000	1.000000	1.000000	1.000000	1.000000	1.000000	1.000000	1.000000	1.000000	1.000000	1.000000	1.000000	1.000000	1.000000	1.000000	1.000000	1.000000	1.000000	1.000000	1.000000	1.000000	1.000000	1.000000	1.000000	1.000000	1.000000	1.000000	1.000000	1.000000	1.000000	1.000000	1.000000	1.000000	1.000000	1.000000	1.000000	1.000000	1.000000	1.000000	1.000000	1.000000	1.000000	-1.000000	-1.000000	-1.000000	-1.000000	-1.000000	-1.000000	-1.000000	-1.000000	-1.000000	-1.000000	-1.000000	-1.000000	-1.000000	-1.000000	-1.000000	-1.000000	-1.000000	-1.000000	-1.000000	-1.000000	-1.000000	-1.000000	-1.000000	-1.000000	-1.000000	-1.000000	-1.000000	-1.000000	-1.000000	-1.000000	-1.000000	-1.000000	-1.000000	-1.000000	-1.000000	-1.000000	-1.000000	-1.000000	-1.000000	-1.000000	-1.000000	-1.000000	-1.000000	-1.000000	-1.000000	-1.000000	-1.000000	-1.000000	-1.000000	-1.000000	1.000000	1.000000	1.000000	1.000000	1.000000	1.000000	1.000000	1.000000	1.000000	1.000000	1.000000	1.000000	1.000000	1.000000	1.000000	1.000000	1.000000	1.000000	1.000000	1.000000	1.000000	1.000000	1.000000	1.000000	1.000000	1.000000	1.000000	1.000000	1.000000	1.000000	1.000000	1.000000	1.000000	1.000000	1.000000	1.000000	1.000000	1.000000	1.000000	1.000000	1.000000	1.000000	1.000000	1.000000	1.000000	1.000000	1.000000	1.000000	1.000000	1.000000	-1.000000	-1.000000	-1.000000	-1.000000	-1.000000	-1.000000	-1.000000	-1.000000	-1.000000	-1.000000	-1.000000	-1.000000	-1.000000	-1.000000	-1.000000	-1.000000	-1.000000	-1.000000	-1.000000	-1.000000	-1.000000	-1.000000	-1.000000	-1.000000	-1.000000	-1.000000	-1.000000	-1.000000	-1.000000	-1.000000	-1.000000	-1.000000	-1.000000	-1.000000	-1.000000	-1.000000	-1.000000	-1.000000	-1.000000	-1.000000	-1.000000	-1.000000	-1.000000	-1.000000	-1.000000	-1.000000	-1.000000	-1.000000	-1.000000	-1.000000	1.000000	1.000000	1.000000	1.000000	1.000000	1.000000	1.000000	1.000000	1.000000	1.000000	1.000000	1.000000	1.000000	1.000000	1.000000	1.000000	1.000000	1.000000	1.000000	1.000000	1.000000	1.000000	1.000000	1.000000	1.000000	1.000000	1.000000	1.000000	1.000000	1.000000	1.000000	1.000000	1.000000	1.000000	1.000000	1.000000	1.000000	1.000000	1.000000	1.000000	1.000000	1.000000	1.000000	1.000000	1.000000	1.000000	1.000000	1.000000	1.000000	1.000000	-1.000000	-1.000000	-1.000000	-1.000000	-1.000000	-1.000000	-1.000000	-1.000000	-1.000000	-1.000000	-1.000000	-1.000000	-1.000000	-1.000000	-1.000000	-1.000000	-1.000000	-1.000000	-1.000000	-1.000000	-1.000000	-1.000000	-1.000000	-1.000000	-1.000000	-1.000000	-1.000000	-1.000000	-1.000000	-1.000000	-1.000000	-1.000000	-1.000000	-1.000000	-1.000000	-1.000000	-1.000000	-1.000000	-1.000000	-1.000000	-1.000000	-1.000000	-1.000000	-1.000000	-1.000000	-1.000000	-1.000000	-1.000000	-1.000000	-1.000000	1.000000	1.000000	1.000000	1.000000	1.000000	1.000000	1.000000	1.000000	1.000000	1.000000	1.000000	1.000000	1.000000	1.000000	1.000000	1.000000	1.000000	1.000000	1.000000	1.000000	1.000000	1.000000	1.000000	1.000000	1.000000	1.000000	1.000000	1.000000	1.000000	1.000000	1.000000	1.000000	1.000000	1.000000	1.000000	1.000000	1.000000	1.000000	1.000000	1.000000	1.000000	1.000000	1.000000	1.000000	1.000000	1.000000	1.000000	1.000000	1.000000	1.000000	-1.000000	-1.000000	-1.000000	-1.000000	-1.000000	-1.000000	-1.000000	-1.000000	-1.000000	-1.000000	-1.000000	-1.000000	-1.000000	-1.000000	-1.000000	-1.000000	-1.000000	-1.000000	-1.000000	-1.000000	-1.000000	-1.000000	-1.000000	-1.000000	-1.000000	-1.000000	-1.000000	-1.000000	-1.000000	-1.000000	-1.000000	-1.000000	-1.000000	-1.000000	-1.000000	-1.000000	-1.000000	-1.000000	-1.000000	-1.000000	-1.000000	-1.000000	-1.000000	-1.000000	-1.000000	-1.000000	-1.000000	-1.000000	-1.000000	-1.000000	1.000000	1.000000	1.000000	1.000000	1.000000	1.000000	1.000000	1.000000	1.000000	1.000000	1.000000	1.000000	1.000000	1.000000	1.000000	1.000000	1.000000	1.000000	1.000000	1.000000	1.000000	1.000000	1.000000	1.000000	1.000000	1.000000	1.000000	1.000000	1.000000	1.000000	1.000000	1.000000	1.000000	1.000000	1.000000	1.000000	1.000000	1.000000	1.000000	1.000000	1.000000	1.000000	1.000000	1.000000	1.000000	1.000000	1.000000	1.000000	1.000000	1.000000	-1.000000	-1.000000	-1.000000	-1.000000	-1.000000	-1.000000	-1.000000	-1.000000	-1.000000	-1.000000	-1.000000	-1.000000	-1.000000	-1.000000	-1.000000	-1.000000	-1.000000	-1.000000	-1.000000	-1.000000	-1.000000	-1.000000	-1.000000	-1.000000	-1.000000	-1.000000	-1.000000	-1.000000	-1.000000	-1.000000	-1.000000	-1.000000	-1.000000	-1.000000	-1.000000	-1.000000	-1.000000	-1.000000	-1.000000	-1.000000	-1.000000	-1.000000	-1.000000	-1.000000	-1.000000	-1.000000	-1.000000	-1.000000	-1.000000	-1.000000	1.000000	1.000000	1.000000	1.000000	1.000000	1.000000	1.000000	1.000000	1.000000	1.000000	1.000000	1.000000	1.000000	1.000000	1.000000	1.000000	1.000000	1.000000	1.000000	1.000000	1.000000	1.000000	1.000000	1.000000	1.000000	1.000000	1.000000	1.000000	1.000000	1.000000	1.000000	1.000000	1.000000	1.000000	1.000000	1.000000	1.000000	1.000000	1.000000	1.000000	1.000000	1.000000	1.000000	1.000000	1.000000	1.000000	1.000000	1.000000	1.000000	1.000000	-1.000000	-1.000000	-1.000000	-1.000000	-1.000000	-1.000000	-1.000000	-1.000000	-1.000000	-1.000000	-1.000000	-1.000000	-1.000000	-1.000000	-1.000000	-1.000000	-1.000000	-1.000000	-1.000000	-1.000000	-1.000000	-1.000000	-1.000000	-1.000000	-1.000000	-1.000000	-1.000000	-1.000000	-1.000000	-1.000000	-1.000000	-1.000000	-1.000000	-1.000000	-1.000000	-1.000000	-1.000000	-1.000000	-1.000000	-1.000000	-1.000000	-1.000000	-1.000000	-1.000000	-1.000000	-1.000000	-1.000000	-1.000000	-1.000000	-1.000000	1.000000	1.000000	1.000000	1.000000	1.000000	1.000000	1.000000	1.000000	1.000000	1.000000	1.000000	1.000000	1.000000	1.000000	1.000000	1.000000	1.000000	1.000000	1.000000	1.000000	1.000000	1.000000	1.000000	1.000000	1.000000	1.000000	1.000000	1.000000	1.000000	1.000000	1.000000	1.000000	1.000000	1.000000	1.000000	1.000000	1.000000	1.000000	1.000000	1.000000	1.000000	1.000000	1.000000	1.000000	1.000000	1.000000	1.000000	1.000000	1.000000	1.000000	-1.000000	-1.000000	-1.000000	-1.000000	-1.000000	-1.000000	-1.000000	-1.000000	-1.000000	-1.000000	-1.000000	-1.000000	-1.000000	-1.000000	-1.000000	-1.000000	-1.000000	-1.000000	-1.000000	-1.000000	-1.000000	-1.000000	-1.000000	-1.000000	-1.000000	-1.000000	-1.000000	-1.000000	-1.000000	-1.000000	-1.000000	-1.000000	-1.000000	-1.000000	-1.000000	-1.000000	-1.000000	-1.000000	-1.000000	-1.000000	-1.000000	-1.000000	-1.000000	-1.000000	-1.000000	-1.000000	-1.000000	-1.000000	-1.000000	-1.000000	1.000000	1.000000	1.000000	1.000000	1.000000	1.000000	1.000000	1.000000	1.000000	1.000000	1.000000	1.000000	1.000000	1.000000	1.000000	1.000000	1.000000	1.000000	1.000000	1.000000	1.000000	1.000000	1.000000	1.000000	1.000000	1.000000	1.000000	1.000000	1.000000	1.000000	1.000000	1.000000	1.000000	1.000000	1.000000	1.000000	1.000000	1.000000	1.000000	1.000000	1.000000	1.000000	1.000000	1.000000	1.000000	1.000000	1.000000	1.000000	1.000000	1.000000	-1.000000	-1.000000	-1.000000	-1.000000	-1.000000	-1.000000	-1.000000	-1.000000	-1.000000	-1.000000	-1.000000	-1.000000	-1.000000	-1.000000	-1.000000	-1.000000	-1.000000	-1.000000	-1.000000	-1.000000	-1.000000	-1.000000	-1.000000	-1.000000	-1.000000	-1.000000	-1.000000	-1.000000	-1.000000	-1.000000	-1.000000	-1.000000	-1.000000	-1.000000	-1.000000	-1.000000	-1.000000	-1.000000	-1.000000	-1.000000	-1.000000	-1.000000	-1.000000	-1.000000	-1.000000	-1.000000	-1.000000	-1.000000	-1.000000	-1.000000	1.000000	1.000000	1.000000	1.000000	1.000000	1.000000	1.000000	1.000000	1.000000	1.000000	1.000000	1.000000	1.000000	1.000000	1.000000	1.000000	1.000000	1.000000	1.000000	1.000000	1.000000	1.000000	1.000000	1.000000	1.000000	1.000000	1.000000	1.000000	1.000000	1.000000	1.000000	1.000000	1.000000	1.000000	1.000000	1.000000	1.000000	1.000000	1.000000	1.000000	1.000000	1.000000	1.000000	1.000000	1.000000	1.000000	1.000000	1.000000	1.000000	1.000000	-1.000000	-1.000000	-1.000000	-1.000000	-1.000000	-1.000000	-1.000000	-1.000000	-1.000000	-1.000000	-1.000000	-1.000000	-1.000000	-1.000000	-1.000000	-1.000000	-1.000000	-1.000000	-1.000000	-1.000000	-1.000000	-1.000000	-1.000000	-1.000000	-1.000000	-1.000000	-1.000000	-1.000000	-1.000000	-1.000000	-1.000000	-1.000000	-1.000000	-1.000000	-1.000000	-1.000000	-1.000000	-1.000000	-1.000000	-1.000000	-1.000000	-1.000000	-1.000000	-1.000000	-1.000000	-1.000000	-1.000000	-1.000000	-1.000000	-1.000000
0.000000	0.062791	0.125333	0.187381	0.248690	0.309017	0.368125	0.425779	0.481754	0.535827	0.587785	0.637424	0.684547	0.728969	0.770513	0.809017	0.844328	0.876307	0.904827	0.929776	0.951057	0.968583	0.982287	0.992115	0.998027	1.000000	0.998027	0.992115	0.982287	0.968583	0.951057	0.929776	0.904827	0.876307	0.844328	0.809017	0.770513	0.728969	0.684547	0.637424	0.587785	0.535827	0.481754	0.425779	0.368125	0.309017	0.248690	0.187381	0.125333	0.062791	-0.000000	-0.062791	-0.125333	-0.187381	-0.248690	-0.309017	-0.368125	-0.425779	-0.481754	-0.535827	-0.587785	-0.637424	-0.684547	-0.728969	-0.770513	-0.809017	-0.844328	-0.876307	-0.904827	-0.929776	-0.951057	-0.968583	-0.982287	-0.992115	-0.998027	-1.000000	-0.998027	-0.992115	-0.982287	-0.968583	-0.951057	-0.929776	-0.904827	-0.876307	-0.844328	-0.809017	-0.770513	-0.728969	-0.684547	-0.637424	-0.587785	-0.535827	-0.481754	-0.425779	-0.368125	-0.309017	-0.248690	-0.187381	-0.125333	-0.062791	0.000000	0.062791	0.125333	0.187381	0.248690	0.309017	0.368125	0.425779	0.481754	0.535827	0.587785	0.637424	0.684547	0.728969	0.770513	0.809017	0.844328	0.876307	0.904827	0.929776	0.951057	0.968583	0.982287	0.992115	0.998027	1.000000	0.998027	0.992115	0.982287	0.968583	0.951057	0.929776	0.904827	0.876307	0.844328	0.809017	0.770513	0.728969	0.684547	0.637424	0.587785	0.535827	0.481754	0.425779	0.368125	0.309017	0.248690	0.187381	0.125333	0.062791	-0.000000	-0.062791	-0.125333	-0.187381	-0.248690	-0.309017	-0.368125	-0.425779	-0.481754	-0.535827	-0.587785	-0.637424	-0.684547	-0.728969	-0.770513	-0.809017	-0.844328	-0.876307	-0.904827	-0.929776	-0.951057	-0.968583	-0.982287	-0.992115	-0.998027	-1.000000	-0.998027	-0.992115	-0.982287	-0.968583	-0.951057	-0.929776	-0.904827	-0.876307	-0.844328	-0.809017	-0.770513	-0.728969	-0.684547	-0.637424	-0.587785	-0.535827	-0.481754	-0.425779	-0.368125	-0.309017	-0.248690	-0.187381	-0.125333	-0.062791	0.000000	0.062791	0.125333	0.187381	0.248690	0.309017	0.368125	0.425779	0.481754	0.535827	0.587785	0.637424	0.684547	0.728969	0.770513	0.809017	0.844328	0.876307	0.904827	0.929776	0.951057	0.968583	0.982287	0.992115	0.998027	1.000000	0.998027	0.992115	0.982287	0.968583	0.951057	0.929776	0.904827	0.876307	0.844328	0.809017	0.770513	0.728969	0.684547	0.637424	0.587785	0.535827	0.481754	0.425779	0.368125	0.309017	0.248690	0.187381	0.125333	0.062791	-0.000000	-0.062791	-0.125333	-0.187381	-0.248690	-0.309017	-0.368125	-0.425779	-0.481754	-0.535827	-0.587785	-0.637424	-0.684547	-0.728969	-0.770513	-0.809017	-0.844328	-0.876307	-0.904827	-0.929776	-0.951057	-0.968583	-0.982287	-0.992115	-0.998027	-1.000000	-0.998027	-0.992115	-0.982287	-0.968583	-0.951057	-0.929776	-0.904827	-0.876307	-0.844328	-0.809017	-0.770513	-0.728969	-0.684547	-0.637424	-0.587785	-0.535827	-0.481754	-0.425779	-0.368125	-0.309017	-0.248690	-0.187381	-0.125333	-0.062791	0.000000	0.062791	0.125333	0.187381	0.248690	0.309017	0.368125	0.425779	0.481754	0.535827	0.587785	0.637424	0.684547	0.728969	0.770513	0.809017	0.844328	0.876307	0.904827	0.929776	0.951057	0.968583	0.982287	0.992115	0.998027	1.000000	0.998027	0.992115	0.982287	0.968583	0.951057	0.929776	0.904827	0.876307	0.844328	0.809017	0.770513	0.728969	0.684547	0.637424	0.587785	0.535827	0.481754	0.425779	0.368125	0.309017	0.248690	0.187381	0.125333	0.062791	-0.000000	-0.062791	-0.125333	-0.187381	-0.248690	-0.309017	-0.368125	-0.425779	-0.481754	-0.535827	-0.587785	-0.637424	-0.684547	-0.728969	-0.770513	-0.809017	-0.844328	-0.876307	-0.904827	-0.929776	-0.951057	-0.968583	-0.982287	-0.992115	-0.998027	-1.000000	-0.998027	-0.992115	-0.982287	-0.968583	-0.951057	-0.929776	-0.904827	-0.876307	-0.844328	-0.809017	-0.770513	-0.728969	-0.684547	-0.637424	-0.587785	-0.535827	-0.481754	-0.425779	-0.368125	-0.309017	-0.248690	-0.187381	-0.125333	-0.062791	0.000000	0.062791	0.125333	0.187381	0.248690	0.309017	0.368125	0.425779	0.481754	0.535827	0.587785	0.637424	0.684547	0.728969	0.770513	0.809017	0.844328	0.876307	0.904827	0.929776	0.951057	0.968583	0.982287	0.992115	0.998027	1.000000	0.998027	0.992115	0.982287	0.968583	0.951057	0.929776	0.904827	0.876307	0.844328	0.809017	0.770513	0.728969	0.684547	0.637424	0.587785	0.535827	0.481754	0.425779	0.368125	0.309017	0.248690	0.187381	0.125333	0.062791	-0.000000	-0.062791	-0.125333	-0.187381	-0.248690	-0.309017	-0.368125	-0.425779	-0.481754	-0.535827	-0.587785	-0.637424	-0.684547	-0.728969	-0.770513	-0.809017	-0.844328	-0.876307	-0.904827	-0.929776	-0.951057	-0.968583	-0.982287	-0.992115	-0.998027	-1.000000	-0.998027	-0.992115	-0.982287	-0.968583	-0.951057	-0.929776	-0.904827	-0.876307	-0.844328	-0.809017	-0.770513	-0.728969	-0.684547	-0.637424	-0.587785	-0.535827	-0.481754	-0.425779	-0.368125	-0.309017	-0.248690	-0.187381	-0.125333	-0.062791	0.000000	0.062791	0.125333	0.187381	0.248690	0.309017	0.368125	0.425779	0.481754	0.535827	0.587785	0.637424	0.684547	0.728969	0.770513	0.809017	0.844328	0.876307	0.904827	0.929776	0.951057	0.968583	0.982287	0.992115	0.998027	1.000000	0.998027	0.992115	0.982287	0.968583	0.951057	0.929776	0.904827	0.876307	0.844328	0.809017	0.770513	0.728969	0.684547	0.637424	0.587785	0.535827	0.481754	0.425779	0.368125	0.309017	0.248690	0.187381	0.125333	0.062791	-0.000000	-0.062791	-0.125333	-0.187381	-0.248690	-0.309017	-0.368125	-0.425779	-0.481754	-0.535827	-0.587785	-0.637424	-0.684547	-0.728969	-0.770513	-0.809017	-0.844328	-0.876307	-0.904827	-0.929776	-0.951057	-0.968583	-0.982287	-0.992115	-0.998027	-1.000000	-0.998027	-0.992115	-0.982287	-0.968583	-0.951057	-0.929776	-0.904827	-0.876307	-0.844328	-0.809017	-0.770513	-0.728969	-0.684547	-0.637424	-0.587785	-0.535827	-0.481754	-0.425779	-0.368125	-0.309017	-0.248690	-0.187381	-0.125333	-0.062791	0.000000	0.062791	0.125333	0.187381	0.248690	0.309017	0.368125	0.425779	0.481754	0.535827	0.587785	0.637424	0.684547	0.728969	0.770513	0.809017	0.844328	0.876307	0.904827	0.929776	0.951057	0.968583	0.982287	0.992115	0.998027	1.000000	0.998027	0.992115	0.982287	0.968583	0.951057	0.929776	0.904827	0.876307	0.844328	0.809017	0.770513	0.728969	0.684547	0.637424	0.587785	0.535827	0.481754	0.425779	0.368125	0.309017	0.248690	0.187381	0.125333	0.062791	-0.000000	-0.062791	-0.125333	-0.187381	-0.248690	-0.309017	-0.368125	-0.425779	-0.481754	-0.535827	-0.587785	-0.637424	-0.684547	-0.728969	-0.770513	-0.809017	-0.844328	-0.876307	-0.904827	-0.929776	-0.951057	-0.968583	-0.982287	-0.992115	-0.998027	-1.000000	-0.998027	-0.992115	-0.982287	-0.968583	-0.951057	-0.929776	-0.904827	-0.876307	-0.844328	-0.809017	-0.770513	-0.728969	-0.684547	-0.637424	-0.587785	-0.535827	-0.481754	-0.425779	-0.368125	-0.309017	-0.248690	-0.187381	-0.125333	-0.062791	0.000000	0.062791	0.125333	0.187381	0.248690	0.309017	0.368125	0.425779	0.481754	0.535827	0.587785	0.637424	0.684547	0.728969	0.770513	0.809017	0.844328	0.876307	0.904827	0.929776	0.951057	0.968583	0.982287	0.992115	0.998027	1.000000	0.998027	0.992115	0.982287	0.968583	0.951057	0.929776	0.904827	0.876307	0.844328	0.809017	0.770513	0.728969	0.684547	0.637424	0.587785	0.535827	0.481754	0.425779	0.368125	0.309017	0.248690	0.187381	0.125333	0.062791	-0.000000	-0.062791	-0.125333	-0.187381	-0.248690	-0.309017	-0.368125	-0.425779	-0.481754	-0.535827	-0.587785	-0.637424	-0.684547	-0.728969	-0.770513	-0.809017	-0.844328	-0.876307	-0.904827	-0.929776	-0.951057	-0.968583	-0.982287	-0.992115	-0.998027	-1.000000	-0.998027	-0.992115	-0.982287	-0.968583	-0.951057	-0.929776	-0.904827	-0.876307	-0.844328	-0.809017	-0.770513	-0.728969	-0.684547	-0.637424	-0.587785	-0.535827	-0.481754	-0.425779	-0.368125	-0.309017	-0.248690	-0.187381	-0.125333	-0.062791	0.000000	0.062791	0.125333	0.187381	0.248690	0.309017	0.368125	0.425779	0.481754	0.535827	0.587785	0.637424	0.684547	0.728969	0.770513	0.809017	0.844328	0.876307	0.904827	0.929776	0.951057	0.968583	0.982287	0.992115	0.998027	1.000000	0.998027	0.992115	0.982287	0.968583	0.951057	0.929776	0.904827	0.876307	0.844328	0.809017	0.770513	0.728969	0.684547	0.637424	0.587785	0.535827	0.481754	0.425779	0.368125	0.309017	0.248690	0.187381	0.125333	0.062791	-0.000000	-0.062791	-0.125333	-0.187381	-0.248690	-0.309017	-0.368125	-0.425779	-0.481754	-0.535827	-0.587785	-0.637424	-0.684547	-0.728969	-0.770513	-0.809017	-0.844328	-0.876307	-0.904827	-0.929776	-0.951057	-0.968583	-0.982287	-0.992115	-0.998027	-1.000000	-0.998027	-0.992115	-0.982287	-0.968583	-0.951057	-0.929776	-0.904827	-0.876307	-0.844328	-0.809017	-0.770513	-0.728969	-0.684547	-0.637424	-0.587785	-0.535827	-0.481754	-0.425779	-0.368125	-0.309017	-0.248690	-0.187381	-0.125333	-0.062791	0.000000	0.062791	0.125333	0.187381	0.248690	0.309017	0.368125	0.425779	0.481754	0.535827	0.587785	0.637424	0.684547	0.728969	0.770513	0.809017	0.844328	0.876307	0.904827	0.929776	0.951057	0.968583	0.982287	0.992115	0.998027	1.000000	0.998027	0.992115	0.982287	0.968583	0.951057	0.929776	0.904827	0.876307	0.844328	0.809017	0.770513	0.728969	0.684547	0.637424	0.587785	0.535827	0.481754	0.425779	0.368125	0.309017	0.248690	0.187381	0.125333	0.062791	-0.000000	-0.062791	-0.125333	-0.187381	-0.248690	-0.309017	-0.368125	-0.425779	-0.481754	-0.535827	-0.587785	-0.637424	-0.684547	-0.728969	-0.770513	-0.809017	-0.844328	-0.876307	-0.904827	-0.929776	-0.951057	-0.968583	-0.982287	-0.992115	-0.998027	-1.000000	-0.998027	-0.992115	-0.982287	-0.968583	-0.951057	-0.929776	-0.904827	-0.876307	-0.844328	-0.809017	-0.770513	-0.728969	-0.684547	-0.637424	-0.587785	-0.535827	-0.481754	-0.425779	-0.368125	-0.309017	-0.248690	-0.187381	-0.125333	-0.062791
1.000000	1.000000	1.000000	1.000000	1.000000	1.000000	1.000000	1.000000	1.000000	1.000000	1.000000	1.000000	1.000000	1.000000	1.000000	1.000000	1.000000	1.000000	1.000000	1.000000	1.000000	1.000000	1.000000	1.000000	1.000000	1.000000	1.000000	1.000000	1.000000	1.000000	1.000000	1.000000	1.000000	1.000000	1.000000	1.000000	1.000000	1.000000	1.000000	1.000000	1.000000	1.000000	1.000000	1.000000	1.000000	1.000000	1.000000	1.000000	1.000000	1.000000	-1.000000	-1.000000	-1.000000	-1.000000	-1.000000	-1.000000	-1.000000	-1.000000	-1.000000	-1.000000	-1.000000	-1.000000	-1.000000	-1.000000	-1.000000	-1.000000	-1.000000	-1.000000	-1.000000	-1.000000	-1.000000	-1.000000	-1.000000	-1.000000	-1.000000	-1.000000	-1.000000	-1.000000	-1.000000	-1.000000	-1.000000	-1.000000	-1.000000	-1.000000	-1.000000	-1.000000	-1.000000	-1.000000	-1.000000	-1.000000	-1.000000	-1.000000	-1.000000	-1.000000	-1.000000	-1.000000	-1.000000	-1.000000	-1.000000	-1.000000	1.000000	1.000000	1.000000	1.000000	1.000000	1.000000	1.000000	1.000000	1.000000	1.000000	1.000000	1.000000	1.000000	1.000000	1.000000	1.000000	1.000000	1.000000	1.000000	1.000000	1.000000	1.000000	1.000000	1.000000	1.000000	1.000000	1.000000	1.000000	1.000000	1.000000	1.000000	1.000000	1.000000	1.000000	1.000000	1.000000	1.000000	1.000000	1.000000	1.000000	1.000000	1.000000	1.000000	1.000000	1.000000	1.000000	1.000000	1.000000	1.000000	1.000000	-1.000000	-1.000000	-1.000000	-1.000000	-1.000000	-1.000000	-1.000000	-1.000000	-1.000000	-1.000000	-1.000000	-1.000000	-1.000000	-1.000000	-1.000000	-1.000000	-1.000000	-1.000000	-1.000000	-1.000000	-1.000000	-1.000000	-1.000000	-1.000000	-1.000000	-1.000000	-1.000000	-1.000000	-1.000000	-1.000000	-1.000000	-1.000000	-1.000000	-1.000000	-1.000000	-1.000000	-1.000000	-1.000000	-1.000000	-1.000000	-1.000000	-1.000000	-1.000000	-1.000000	-1.000000	-1.000000	-1.000000	-1.000000	-1.000000	-1.000000	1.000000	1.000000	1.000000	1.000000	1.000000	1.000000	1.000000	1.000000	1.000000	1.000000	1.000000	1.000000	1.000000	1.000000	1.000000	1.000000	1.000000	1.000000	1.000000	1.000000	1.000000	1.000000	1.000000	1.000000	1.000000	1.000000	1.000000	1.000000	1.000000	1.000000	1.000000	1.000000	1.000000	1.000000	1.000000	1.000000	1.000000	1.000000	1.000000	1.000000	1.000000	1.000000	1.000000	1.000000	1.000000	1.000000	1.000000	1.000000	1.000000	1.000000	-1.000000	-1.000000	-1.000000	-1.000000	-1.000000	-1.000000	-1.000000	-1.000000	-1.000000	-1.000000	-1.000000	-1.000000	-1.000000	-1.000000	-1.000000	-1.000000	-1.000000	-1.000000	-1.000000	-1.000000	-1.000000	-1.000000	-1.000000	-1.000000	-1.000000	-1.000000	-1.000000	-1.000000	-1.000000	-1.000000	-1.000000	-1.000000	-1.000000	-1.000000	-1.000000	-1.000000	-1.000000	-1.000000	-1.000000	-1.000000	-1.000000	-1.000000	-1.000000	-1.000000	-1.000000	-1.000000	-1.000000	-1.000000	-1.000000	-1.000000	1.000000	1.000000	1.000000	1.000000	1.000000	1.000000	1.000000	1.000000	1.000000	1.000000	1.000000	1.000000	1.000000	1.000000	1.000000	1.000000	1.000000	1.000000	1.000000	1.000000	1.000000	1.000000	1.000000	1.000000	1.000000	1.000000	1.000000	1.000000	1.000000	1.000000	1.000000	1.000000	1.000000	1.000000	1.000000	1.000000	1.000000	1.000000	1.000000	1.000000	1.000000	1.000000	1.000000	1.000000	1.000000	1.000000	1.000000	1.000000	1.000000	1.000000	-1.000000	-1.000000	-1.000000	-1.000000	-1.000000	-1.000000	-1.000000	-1.000000	-1.000000	-1.000000	-1.000000	-1.000000	-1.000000	-1.000000	-1.000000	-1.000000	-1.000000	-1.000000	-1.000000	-1.000000	-1.000000	-1.000000	-1.000000	-1.000000	-1.000000	-1.000000	-1.000000	-1.000000	-1.000000	-1.000000	-1.000000	-1.000000	-1.000000	-1.000000	-1.000000	-1.000000	-1.000000	-1.000000	-1.000000	-1.000000	-1.000000	-1.000000	-1.000000	-1.000000	-1.000000	-1.000000	-1.000000	-1.000000	-1.000000	-1.000000	1.000000	1.000000	1.000000	1.000000	1.000000	1.000000	1.000000	1.000000	1.000000	1.000000	1.000000	1.000000	1.000000	1.000000	1.000000	1.000000	1.000000	1.000000	1.000000	1.000000	1.000000	1.000000	1.000000	1.000000	1.000000	1.000000	1.000000	1.000000	1.000000	1.000000	1.000000	1.000000	1.000000	1.000000	1.000000	1.000000	1.000000	1.000000	1.000000	1.000000	1.000000	1.000000	1.000000	1.000000	1.000000	1.000000	1.000000	1.000000	1.000000	1.000000	-1.000000	-1.000000	-1.000000	-1.000000	-1.000000	-1.000000	-1.000000	-1.000000	-1.000000	-1.000000	-1.000000	-1.000000	-1.000000	-1.000000	-1.000000	-1.000000	-1.000000	-1.000000	-1.000000	-1.000000	-1.000000	-1.000000	-1.000000	-1.000000	-1.000000	-1.000000	-1.000000	-1.000000	-1.000000	-1.000000	-1.000000	-1.000000	-1.000000	-1.000000	-1.000000	-1.000000	-1.000000	-1.000000	-1.000000	-1.000000	-1.000000	-1.000000	-1.000000	-1.000000	-1.000000	-1.000000	-1.000000	-1.000000	-1.000000	-1.000000	1.000000	1.000000	1.000000	1.000000	1.000000	1.000000	1.000000	1.000000	1.000000	1.000000	1.000000	1.000000	1.000000	1.000000	1.000000	1.000000	1.000000	1.000000	1.000000	1.000000	1.000000	1.000000	1.000000	1.000000	1.000000	1.000000	1.000000	1.000000	1.000000	1.000000	1.000000	1.000000	1.000000	1.000000	1.000000	1.000000	1.000000	1.000000	1.000000	1.000000	1.000000	1.000000	1.000000	1.000000	1.000000	1.000000	1.000000	1.000000	1.000000	1.000000	-1.000000	-1.000000	-1.000000	-1.000000	-1.000000	-1.000000	-1.000000	-1.000000	-1.000000	-1.000000	-1.000000	-1.000000	-1.000000	-1.000000	-1.000000	-1.000000	-1.000000	-1.000000	-1.000000	-1.000000	-1.000000	-1.000000	-1.000000	-1.000000	-1.000000	-1.000000	-1.000000	-1.000000	-1.000000	-1.000000	-1.000000	-1.000000	-1.000000	-1.000000	-1.000000	-1.000000	-1.000000	-1.000000	-1.000000	-1.000000	-1.000000	-1.000000	-1.000000	-1.000000	-1.000000	-1.000000	-1.000000	-1.000000	-1.000000	-1.000000	1.000000	1.000000	1.000000	1.000000	1.000000	1.000000	1.000000	1.000000	1.000000	1.000000	1.000000	1.000000	1.000000	1.000000	1.000000	1.000000	1.000000	1.000000	1.000000	1.000000	1.000000	1.000000	1.000000	1.000000	1.000000	1.000000	1.000000	1.000000	1.000000	1.000000	1.000000	1.000000	1.000000	1.000000	1.000000	1.000000	1.000000	1.000000	1.000000	1.000000	1.000000	1.000000	1.000000	1.000000	1.000000	1.000000	1.000000	1.000000	1.000000	1.000000	-1.000000	-1.000000	-1.000000	-1.000000	-1.000000	-1.000000	-1.000000	-1.000000	-1.000000	-1.000000	-1.000000	-1.000000	-1.000000	-1.000000	-1.000000	-1.000000	-1.000000	-1.000000	-1.000000	-1.000000	-1.000000	-1.000000	-1.000000	-1.000000	-1.000000	-1.000000	-1.000000	-1.000000	-1.000000	-1.000000	-1.000000	-1.000000	-1.000000	-1.000000	-1.000000	-1.000000	-1.000000	-1.000000	-1.000000	-1.000000	-1.000000	-1.000000	-1.000000	-1.000000	-1.000000	-1.000000	-1.000000	-1.000000	-1.000000	-1.000000	1.000000	1.000000	1.000000	1.000000	1.000000	1.000000	1.000000	1.000000	1.000000	1.000000	1.000000	1.000000	1.000000	1.000000	1.000000	1.000000	1.000000	1.000000	1.000000	1.000000	1.000000	1.000000	1.000000	1.000000	1.000000	1.000000	1.000000	1.000000	1.000000	1.000000	1.000000	1.000000	1.000000	1.000000	1.000000	1.000000	1.000000	1.000000	1.000000	1.000000	1.000000	1.000000	1.000000	1.000000	1.000000	1.000000	1.000000	1.000000	1.000000	1.000000	-1.000000	-1.000000	-1.000000	-1.000000	-1.000000	-1.000000	-1.000000	-1.000000	-1.000000	-1.000000	-1.000000	-1.000000	-1.000000	-1.000000	-1.000000	-1.000000	-1.000000	-1.000000	-1.000000	-1.000000	-1.000000	-1.000000	-1.000000	-1.000000	-1.000000	-1.000000	-1.000000	-1.000000	-1.000000	-1.000000	-1.000000	-1.000000	-1.000000	-1.000000	-1.000000	-1.000000	-1.000000	-1.000000	-1.000000	-1.000000	-1.000000	-1.000000	-1.000000	-1.000000	-1.000000	-1.000000	-1.000000	-1.000000	-1.000000	-1.000000	1.000000	1.000000	1.000000	1.000000	1.000000	1.000000	1.000000	1.000000	1.000000	1.000000	1.000000	1.000000	1.000000	1.000000	1.000000	1.000000	1.000000	1.000000	1.000000	1.000000	1.000000	1.000000	1.000000	1.000000	1.000000	1.000000	1.000000	1.000000	1.000000	1.000000	1.000000	1.000000	1.000000	1.000000	1.000000	1.000000	1.000000	1.000000	1.000000	1.000000	1.000000	1.000000	1.000000	1.000000	1.000000	1.000000	1.000000	1.000000	1.000000	1.000000	-1.000000	-1.000000	-1.000000	-1.000000	-1.000000	-1.000000	-1.000000	-1.000000	-1.000000	-1.000000	-1.000000	-1.000000	-1.000000	-1.000000	-1.000000	-1.000000	-1.000000	-1.000000	-1.000000	-1.000000	-1.000000	-1.000000	-1.000000	-1.000000	-1.000000	-1.000000	-1.000000	-1.000000	-1.000000	-1.000000	-1.000000	-1.000000	-1.000000	-1.000000	-1.000000	-1.000000	-1.000000	-1.000000	-1.000000	-1.000000	-1.000000	-1.000000	-1.000000	-1.000000	-1.000000	-1.000000	-1.000000	-1.000000	-1.000000	-1.000000	1.000000	1.000000	1.000000	1.000000	1.000000	1.000000	1.000000	1.000000	1.000000	1.000000	1.000000	1.000000	1.000000	1.000000	1.000000	1.000000	1.000000	1.000000	1.000000	1.000000	1.000000	1.000000	1.000000	1.000000	1.000000	1.000000	1.000000	1.000000	1.000000	1.000000	1.000000	1.000000	1.000000	1.000000	1.000000	1.000000	1.000000	1.000000	1.000000	1.000000	1.000000	1.000000	1.000000	1.000000	1.000000	1.000000	1.000000	1.000000	1.000000	1.000000	-1.000000	-1.000000	-1.000000	-1.000000	-1.000000	-1.000000	-1.000000	-1.000000	-1.000000	-1.000000	-1.000000	-1.000000	-1.000000	-1.000000	-1.000000	-1.000000	-1.000000	-1.000000	-1.000000	-1.000000	-1.000000	-1.000000	-1.000000	-1.000000	-1.000000	-1.000000	-1.000000	-1.000000	-1.000000	-1.000000	-1.000000	-1.000000	-1.000000	-1.000000	-1.000000	-1.000000	-1.000000	-1.000000	-1.000000	-1.000000	-1.000000	-1.000000	-1.000000	-1.000000	-1.000000	-1.000000	-1.000000	-1.000000	-1.000000	-1.000000
0.000000	0.062791	0.125333	0.187381	0.248690	0.309017	0.368125	0.425779	0.481754	0.535827	0.587785	0.637424	0.684547	0.728969	0.770513	0.809017	0.844328	0.876307	0.904827	0.929776	0.951057	0.968583	0.982287	0.992115	0.998027	1.000000	0.998027	0.992115	0.982287	0.968583	0.951057	0.929776	0.904827	0.876307	0.844328	0.809017	0.770513	0.728969	0.684547	0.637424	0.587785	0.535827	0.481754	0.425779	0.368125	0.309017	0.248690	0.187381	0.125333	0.062791	-0.000000	-0.062791	-0.125333	-0.187381	-0.248690	-0.309017	-0.368125	-0.425779	-0.481754	-0.535827	-0.587785	-0.637424	-0.684547	-0.728969	-0.770513	-0.809017	-0.844328	-0.876307	-0.904827	-0.929776	-0.951057	-0.968583	-0.982287	-0.992115	-0.998027	-1.000000	-0.998027	-0.992115	-0.982287	-0.968583	-0.951057	-0.929776	-0.904827	-0.876307	-0.844328	-0.809017	-0.770513	-0.728969	-0.684547	-0.637424	-0.587785	-0.535827	-0.481754	-0.425779	-0.368125	-0.309017	-0.248690	-0.187381	-0.125333	-0.062791	0.000000	0.062791	0.125333	0.187381	0.248690	0.309017	0.368125	0.425779	0.481754	0.535827	0.587785	0.637424	0.684547	0.728969	0.770513	0.809017	0.844328	0.876307	0.904827	0.929776	0.951057	0.968583	0.982287	0.992115	0.998027	1.000000	0.998027	0.992115	0.982287	0.968583	0.951057	0.929776	0.904827	0.876307	0.844328	0.809017	0.770513	0.728969	0.684547	0.637424	0.587785	0.535827	0.481754	0.425779	0.368125	0.309017	0.248690	0.187381	0.125333	0.062791	-0.000000	-0.062791	-0.125333	-0.187381	-0.248690	-0.309017	-0.368125	-0.425779	-0.481754	-0.535827	-0.587785	-0.637424	-0.684547	-0.728969	-0.770513	-0.809017	-0.844328	-0.876307	-0.904827	-0.929776	-0.951057	-0.968583	-0.982287	-0.992115	-0.998027	-1.000000	-0.998027	-0.992115	-0.982287	-0.968583	-0.951057	-0.929776	-0.904827	-0.876307	-0.844328	-0.809017	-0.770513	-0.728969	-0.684547	-0.637424	-0.587785	-0.535827	-0.481754	-0.425779	-0.368125	-0.309017	-0.248690	-0.187381	-0.125333	-0.062791	0.000000	0.062791	0.125333	0.187381	0.248690	0.309017	0.368125	0.425779	0.481754	0.535827	0.587785	0.637424	0.684547	0.728969	0.770513	0.809017	0.844328	0.876307	0.904827	0.929776	0.951057	0.968583	0.982287	0.992115	0.998027	1.000000	0.998027	0.992115	0.982287	0.968583	0.951057	0.929776	0.904827	0.876307	0.844328	0.809017	0.770513	0.728969	0.684547	0.637424	0.587785	0.535827	0.481754	0.425779	0.368125	0.309017	0.248690	0.187381	0.125333	0.062791	-0.000000	-0.062791	-0.125333	-0.187381	-0.248690	-0.309017	-0.368125	-0.425779	-0.481754	-0.535827	-0.587785	-0.637424	-0.684547	-0.728969	-0.770513	-0.809017	-0.844328	-0.876307	-0.904827	-0.929776	-0.951057	-0.968583	-0.982287	-0.992115	-0.998027	-1.000000	-0.998027	-0.992115	-0.982287	-0.968583	-0.951057	-0.929776	-0.904827	-0.876307	-0.844328	-0.809017	-0.770513	-0.728969	-0.684547	-0.637424	-0.587785	-0.535827	-0.481754	-0.425779	-0.368125	-0.309017	-0.248690	-0.187381	-0.125333	-0.062791	0.000000	0.062791	0.125333	0.187381	0.248690	0.309017	0.368125	0.425779	0.481754	0.535827	0.587785	0.637424	0.684547	0.728969	0.770513	0.809017	0.844328	0.876307	0.904827	0.929776	0.951057	0.968583	0.982287	0.992115	0.998027	1.000000	0.998027	0.992115	0.982287	0.968583	0.951057	0.929776	0.904827	0.876307	0.844328	0.809017	0.770513	0.728969	0.684547	0.637424	0.587785	0.535827	0.481754	0.425779	0.368125	0.309017	0.248690	0.187381	0.125333	0.062791	-0.000000	-0.062791	-0.125333	-0.187381	-0.248690	-0.309017	-0.368125	-0.425779	-0.481754	-0.535827	-0.587785	-0.637424	-0.684547	-0.728969	-0.770513	-0.809017	-0.844328	-0.876307	-0.904827	-0.929776	-0.951057	-0.968583	-0.982287	-0.992115	-0.998027	-1.000000	-0.998027	-0.992115	-0.982287	-0.968583	-0.951057	-0.929776	-0.904827	-0.876307	-0.844328	-0.809017	-0.770513	-0.728969	-0.684547	-0.637424	-0.587785	-0.535827	-0.481754	-0.425779	-0.368125	-0.309017	-0.248690	-0.187381	-0.125333	-0.062791	0.000000	0.062791	0.125333	0.187381	0.248690	0.309017	0.368125	0.425779	0.481754	0.535827	0.587785	0.637424	0.684547	0.728969	0.770513	0.809017	0.844328	0.876307	0.904827	0.929776	0.951057	0.968583	0.982287	0.992115	0.998027	1.000000	0.998027	0.992115	0.982287	0.968583	0.951057	0.929776	0.904827	0.876307	0.844328	0.809017	0.770513	0.728969	0.684547	0.637424	0.587785	0.535827	0.481754	0.425779	0.368125	0.309017	0.248690	0.187381	0.125333	0.062791	-0.000000	-0.062791	-0.125333	-0.187381	-0.248690	-0.309017	-0.368125	-0.425779	-0.481754	-0.535827	-0.587785	-0.637424	-0.684547	-0.728969	-0.770513	-0.809017	-0.844328	-0.876307	-0.904827	-0.929776	-0.951057	-0.968583	-0.982287	-0.992115	-0.998027	-1.000000	-0.998027	-0.992115	-0.982287	-0.968583	-0.951057	-0.929776	-0.904827	-0.876307	-0.844328	-0.809017	-0.770513	-0.728969	-0.684547	-0.637424	-0.587785	-0.535827	-0.481754	-0.425779	-0.368125	-0.309017	-0.248690	-0.187381	-0.125333	-0.062791	0.000000	0.062791	0.125333	0.187381	0.248690	0.309017	0.368125	0.425779	0.481754	0.535827	0.587785	0.637424	0.684547	0.728969	0.770513	0.809017	0.844328	0.876307	0.904827	0.929776	0.951057	0.968583	0.982287	0.992115	0.998027	1.000000	0.998027	0.992115	0.982287	0.968583	0.951057	0.929776	0.904827	0.876307	0.844328	0.809017	0.770513	0.728969	0.684547	0.637424	0.587785	0.535827	0.481754	0.425779	0.368125	0.309017	0.248690	0.187381	0.125333	0.062791	-0.000000	-0.062791	-0.125333	-0.187381	-0.248690	-0.309017	-0.368125	-0.425779	-0.481754	-0.535827	-0.587785	-0.637424	-0.684547	-0.728969	-0.770513	-0.809017	-0.844328	-0.876307	-0.904827	-0.929776	-0.951057	-0.968583	-0.982287	-0.992115	-0.998027	-1.000000	-0.998027	-0.992115	-0.982287	-0.968583	-0.951057	-0.929776	-0.904827	-0.876307	-0.844328	-0.809017	-0.770513	-0.728969	-0.684547	-0.637424	-0.587785	-0.535827	-0.481754	-0.425779	-0.368125	-0.309017	-0.248690	-0.187381	-0.125333	-0.062791	0.000000	0.062791	0.125333	0.187381	0.248690	0.309017	0.368125	0.425779	0.481754	0.535827	0.587785	0.637424	0.684547	0.728969	0.770513	0.809017	0.844328	0.876307	0.904827	0.929776	0.951057	0.968583	0.982287	0.992115	0.998027	1.000000	0.998027	0.992115	0.982287	0.968583	0.951057	0.929776	0.904827	0.876307	0.844328	0.809017	0.770513	0.728969	0.684547	0.637424	0.587785	0.535827	0.481754	0.425779	0.368125	0.309017	0.248690	0.187381	0.125333	0.062791	-0.000000	-0.062791	-0.125333	-0.187381	-0.248690	-0.309017	-0.368125	-0.425779	-0.481754	-0.535827	-0.587785	-0.637424	-0.684547	-0.728969	-0.770513	-0.809017	-0.844328	-0.876307	-0.904827	-0.929776	-0.951057	-0.968583	-0.982287	-0.992115	-0.998027	-1.000000	-0.998027	-0.992115	-0.982287	-0.968583	-0.951057	-0.929776	-0.904827	-0.876307	-0.844328	-0.809017	-0.770513	-0.728969	-0.684547	-0.637424	-0.587785	-0.535827	-0.481754	-0.425779	-0.368125	-0.309017	-0.248690	-0.187381	-0.125333	-0.062791	0.000000	0.062791	0.125333	0.187381	0.248690	0.309017	0.368125	0.425779	0.481754	0.535827	0.587785	0.637424	0.684547	0.728969	0.770513	0.809017	0.844328	0.876307	0.904827	0.929776	0.951057	0.968583	0.982287	0.992115	0.998027	1.000000	0.998027	0.992115	0.982287	0.968583	0.951057	0.929776	0.904827	0.876307	0.844328	0.809017	0.770513	0.728969	0.684547	0.637424	0.587785	0.535827	0.481754	0.425779	0.368125	0.309017	0.248690	0.187381	0.125333	0.062791	-0.000000	-0.062791	-0.125333	-0.187381	-0.248690	-0.309017	-0.368125	-0.425779	-0.481754	-0.535827	-0.587785	-0.637424	-0.684547	-0.728969	-0.770513	-0.809017	-0.844328	-0.876307	-0.904827	-0.929776	-0.951057	-0.968583	-0.982287	-0.992115	-0.998027	-1.000000	-0.998027	-0.992115	-0.982287	-0.968583	-0.951057	-0.929776	-0.904827	-0.876307	-0.844328	-0.809017	-0.770513	-0.728969	-0.684547	-0.637424	-0.587785	-0.535827	-0.481754	-0.425779	-0.368125	-0.309017	-0.248690	-0.187381	-0.125333	-0.062791	0.000000	0.062791	0.125333	0.187381	0.248690	0.309017	0.368125	0.425779	0.481754	0.535827	0.587785	0.637424	0.684547	0.728969	0.770513	0.809017	0.844328	0.876307	0.904827	0.929776	0.951057	0.968583	0.982287	0.992115	0.998027	1.000000	0.998027	0.992115	0.982287	0.968583	0.951057	0.929776	0.904827	0.876307	0.844328	0.809017	0.770513	0.728969	0.684547	0.637424	0.587785	0.535827	0.481754	0.425779	0.368125	0.309017	0.248690	0.187381	0.125333	0.062791	-0.000000	-0.062791	-0.125333	-0.187381	-0.248690	-0.309017	-0.368125	-0.425779	-0.481754	-0.535827	-0.587785	-0.637424	-0.684547	-0.728969	-0.770513	-0.809017	-0.844328	-0.876307	-0.904827	-0.929776	-0.951057	-0.968583	-0.982287	-0.992115	-0.998027	-1.000000	-0.998027	-0.992115	-0.982287	-0.968583	-0.951057	-0.929776	-0.904827	-0.876307	-0.844328	-0.809017	-0.770513	-0.728969	-0.684547	-0.637424	-0.587785	-0.535827	-0.481754	-0.425779	-0.368125	-0.309017	-0.248690	-0.187381	-0.125333	-0.062791	0.000000	0.062791	0.125333	0.187381	0.248690	0.309017	0.368125	0.425779	0.481754	0.535827	0.587785	0.637424	0.684547	0.728969	0.770513	0.809017	0.844328	0.876307	0.904827	0.929776	0.951057	0.968583	0.982287	0.992115	0.998027	1.000000	0.998027	0.992115	0.982287	0.968583	0.951057	0.929776	0.904827	0.876307	0.844328	0.809017	0.770513	0.728969	0.684547	0.637424	0.587785	0.535827	0.481754	0.425779	0.368125	0.309017	0.248690	0.187381	0.125333	0.062791	-0.000000	-0.062791	-0.125333	-0.187381	-0.248690	-0.309017	-0.368125	-0.425779	-0.481754	-0.535827	-0.587785	-0.637424	-0.684547	-0.728969	-0.770513	-0.809017	-0.844328	-0.876307	-0.904827	-0.929776	-0.951057	-0.968583	-0.982287	-0.992115	-0.998027	-1.000000	-0.998027	-0.992115	-0.982287	-0.968583	-0.951057	-0.929776	-0.904827	-0.876307	-0.844328	-0.809017	-0.770513	-0.728969	-0.684547	-0.637424	-0.587785	-0.535827	-0.481754	-0.425779	-0.368125	-0.309017	-0.248690	-0.187381	-0.125333	-0.062791
1.000000	1.000000	1.000000	1.000000	1.000000	1.000000	1.000000	1.000000	1.000000	1.000000	1.000000	1.000000	1.000000	1.000000	1.000000	1.000000	1.000000	1.000000	1.000000	1.000000	1.000000	1.000000	1.000000	1.000000	1.000000	1.000000	1.000000	1.000000	1.000000	1.000000	1.000000	1.000000	1.000000	1.000000	1.000000	1.000000	1.000000	1.000000	1.000000	1.000000	1.000000	1.000000	1.000000	1.000000	1.000000	1.000000	1.000000	1.000000	1.000000	1.000000	-1.000000	-1.000000	-1.000000	-1.000000	-1.000000	-1.000000	-1.000000	-1.000000	-1.000000	-1.000000	-1.000000	-1.000000	-1.000000	-1.000000	-1.000000	-1.000000	-1.000000	-1.000000	-1.000000	-1.000000	-1.000000	-1.000000	-1.000000	-1.000000	-1.000000	-1.000000	-1.000000	-1.000000	-1.000000	-1.000000	-1.000000	-1.000000	-1.000000	-1.000000	-1.000000	-1.000000	-1.000000	-1.000000	-1.000000	-1.000000	-1.000000	-1.000000	-1.000000	-1.000000	-1.000000	-1.000000	-1.000000	-1.000000	-1.000000	-1.000000	1.000000	1.000000	1.000000	1.000000	1.000000	1.000000	1.000000	1.000000	1.000000	1.000000	1.000000	1.000000	1.000000	1.000000	1.000000	1.000000	1.000000	1.000000	1.000000	1.000000	1.000000	1.000000	1.000000	1.000000	1.000000	1.000000	1.000000	1.000000	1.000000	1.000000	1.000000	1.000000	1.000000	1.000000	1.000000	1.000000	1.000000	1.000000	1.000000	1.000000	1.000000	1.000000	1.000000	1.000000	1.000000	1.000000	1.000000	1.000000	1.000000	1.000000	-1.000000	-1.000000	-1.000000	-1.000000	-1.000000	-1.000000	-1.000000	-1.000000	-1.000000	-1.000000	-1.000000	-1.000000	-1.000000	-1.000000	-1.000000	-1.000000	-1.000000	-1.000000	-1.000000	-1.000000	-1.000000	-1.000000	-1.000000	-1.000000	-1.000000	-1.000000	-1.000000	-1.000000	-1.000000	-1.000000	-1.000000	-1.000000	-1.000000	-1.000000	-1.000000	-1.000000	-1.000000	-1.000000	-1.000000	-1.000000	-1.000000	-1.000000	-1.000000	-1.000000	-1.000000	-1.000000	-1.000000	-1.000000	-1.000000	-1.000000	1.000000	1.000000	1.000000	1.000000	1.000000	1.000000	1.000000	1.000000	1.000000	1.000000	1.000000	1.000000	1.000000	1.000000	1.000000	1.000000	1.000000	1.000000	1.000000	1.000000	1.000000	1.000000	1.000000	1.000000	1.000000	1.000000	1.000000	1.000000	1.000000	1.000000	1.000000	1.000000	1.000000	1.000000	1.000000	1.000000	1.000000	1.000000	1.000000	1.000000	1.000000	1.000000	1.000000	1.000000	1.000000	1.000000	1.000000	1.000000	1.000000	1.000000	-1.000000	-1.000000	-1.000000	-1.000000	-1.000000	-1.000000	-1.000000	-1.000000	-1.000000	-1.000000	-1.000000	-1.000000	-1.000000	-1.000000	-1.000000	-1.000000	-1.000000	-1.000000	-1.000000	-1.000000	-1.000000	-1.000000	-1.000000	-1.000000	-1.000000	-1.000000	-1.000000	-1.000000	-1.000000	-1.000000	-1.000000	-1.000000	-1.000000	-1.000000	-1.000000	-1.000000	-1.000000	-1.000000	-1.000000	-1.000000	-1.000000	-1.000000	-1.000000	-1.000000	-1.000000	-1.000000	-1.000000	-1.000000	-1.000000	-1.000000	1.000000	1.000000	1.000000	1.000000	1.000000	1.000000	1.000000	1.000000	1.000000	1.000000	1.000000	1.000000	1.000000	1.000000	1.000000	1.000000	1.000000	1.000000	1.000000	1.000000	1.000000	1.000000	1.000000	1.000000	1.000000	1.000000	1.000000	1.000000	1.000000	1.000000	1.000000	1.000000	1.000000	1.000000	1.000000	1.000000	1.000000	1.000000	1.000000	1.000000	1.000000	1.000000	1.000000	1.000000	1.000000	1.000000	1.000000	1.000000	1.000000	1.000000	-1.000000	-1.000000	-1.000000	-1.000000	-1.000000	-1.000000	-1.000000	-1.000000	-1.000000	-1.000000	-1.000000	-1.000000	-1.000000	-1.000000	-1.000000	-1.000000	-1.000000	-1.000000	-1.000000	-1.000000	-1.000000	-1.000000	-1.000000	-1.000000	-1.000000	-1.000000	-1.000000	-1.000000	-1.000000	-1.000000	-1.000000	-1.000000	-1.000000	-1.000000	-1.000000	-1.000000	-1.000000	-1.000000	-1.000000	-1.000000	-1.000000	-1.000000	-1.000000	-1.000000	-1.000000	-1.000000	-1.000000	-1.000000	-1.000000	-1.000000	1.000000	1.000000	1.000000	1.000000	1.000000	1.000000	1.000000	1.000000	1.000000	1.000000	1.000000	1.000000	1.000000	1.000000	1.000000	1.000000	1.000000	1.000000	1.000000	1.000000	1.000000	1.000000	1.000000	1.000000	1.000000	1.000000	1.000000	1.000000	1.000000	1.000000	1.000000	1.000000	1.000000	1.000000	1.000000	1.000000	1.000000	1.000000	1.000000	1.000000	1.000000	1.000000	1.000000	1.000000	1.000000	1.000000	1.000000	1.000000	1.000000	1.000000	-1.000000	-1.000000	-1.000000	-1.000000	-1.000000	-1.000000	-1.000000	-1.000000	-1.000000	-1.000000	-1.000000	-1.000000	-1.000000	-1.000000	-1.000000	-1.000000	-1.000000	-1.000000	-1.000000	-1.000000	-1.000000	-1.000000	-1.000000	-1.000000	-1.000000	-1.000000	-1.000000	-1.000000	-1.000000	-1.000000	-1.000000	-1.000000	-1.000000	-1.000000	-1.000000	-1.000000	-1.000000	-1.000000	-1.000000	-1.000000	-1.000000	-1.000000	-1.000000	-1.000000	-1.000000	-1.000000	-1.000000	-1.000000	-1.000000	-1.000000	1.000000	1.000000	1.000000	1.000000	1.000000	1.000000	1.000000	1.000000	1.000000	1.000000	1.000000	1.000000	1.000000	1.000000	1.000000	1.000000	1.000000	1.000000	1.000000	1.000000	1.000000	1.000000	1.000000	1.000000	1.000000	1.000000	1.000000	1.000000	1.000000	1.000000	1.000000	1.000000	1.000000	1.000000	1.000000	1.000000	1.000000	1.000000	1.000000	1.000000	1.000000	1.000000	1.000000	1.000000	1.000000	1.000000	1.000000	1.000000	1.000000	1.000000	-1.000000	-1.000000	-1.000000	-1.000000	-1.000000	-1.000000	-1.000000	-1.000000	-1.000000	-1.000000	-1.000000	-1.000000	-1.000000	-1.000000	-1.000000	-1.000000	-1.000000	-1.000000	-1.000000	-1.000000	-1.000000	-1.000000	-1.000000	-1.000000	-1.000000	-1.000000	-1.000000	-1.000000	-1.000000	-1.000000	-1.000000	-1.000000	-1.000000	-1.000000	-1.000000	-1.000000	-1.000000	-1.000000	-1.000000	-1.000000	-1.000000	-1.000000	-1.000000	-1.000000	-1.000000	-1.000000	-1.000000	-1.000000	-1.000000	-1.000000	1.000000	1.000000	1.000000	1.000000	1.000000	1.000000	1.000000	1.000000	1.000000	1.000000	1.000000	1.000000	1.000000	1.000000	1.000000	1.000000	1.000000	1.000000	1.000000	1.000000	1.000000	1.000000	1.000000	1.000000	1.000000	1.000000	1.000000	1.000000	1.000000	1.000000	1.000000	1.000000	1.000000	1.000000	1.000000	1.000000	1.000000	1.000000	1.000000	1.000000	1.000000	1.000000	1.000000	1.000000	1.000000	1.000000	1.000000	1.000000	1.000000	1.000000	-1.000000	-1.000000	-1.000000	-1.000000	-1.000000	-1.000000	-1.000000	-1.000000	-1.000000	-1.000000	-1.000000	-1.000000	-1.000000	-1.000000	-1.000000	-1.000000	-1.000000	-1.000000	-1.000000	-1.000000	-1.000000	-1.000000	-1.000000	-1.000000	-1.000000	-1.000000	-1.000000	-1.000000	-1.000000	-1.000000	-1.000000	-1.000000	-1.000000	-1.000000	-1.000000	-1.000000	-1.000000	-1.000000	-1.000000	-1.000000	-1.000000	-1.000000	-1.000000	-1.000000	-1.000000	-1.000000	-1.000000	-1.000000	-1.000000	-1.000000	1.000000	1.000000	1.000000	1.000000	1.000000	1.000000	1.000000	1.000000	1.000000	1.000000	1.000000	1.000000	1.000000	1.000000	1.000000	1.000000	1.000000	1.000000	1.000000	1.000000	1.000000	1.000000	1.000000	1.000000	1.000000	1.000000	1.000000	1.000000	1.000000	1.000000	1.000000	1.000000	1.000000	1.000000	1.000000	1.000000	1.000000	1.000000	1.000000	1.000000	1.000000	1.000000	1.000000	1.000000	1.000000	1.000000	1.000000	1.000000	1.000000	1.000000	-1.000000	-1.000000	-1.000000	-1.000000	-1.000000	-1.000000	-1.000000	-1.000000	-1.000000	-1.000000	-1.000000	-1.000000	-1.000000	-1.000000	-1.000000	-1.000000	-1.000000	-1.000000	-1.000000	-1.000000	-1.000000	-1.000000	-1.000000	-1.000000	-1.000000	-1.000000	-1.000000	-1.000000	-1.000000	-1.000000	-1.000000	-1.000000	-1.000000	-1.000000	-1.000000	-1.000000	-1.000000	-1.000000	-1.000000	-1.000000	-1.000000	-1.000000	-1.000000	-1.000000	-1.000000	-1.000000	-1.000000	-1.000000	-1.000000	-1.000000	1.000000	1.000000	1.000000	1.000000	1.000000	1.000000	1.000000	1.000000	1.000000	1.000000	1.000000	1.000000	1.000000	1.000000	1.000000	1.000000	1.000000	1.000000	1.000000	1.000000	1.000000	1.000000	1.000000	1.000000	1.000000	1.000000	1.000000	1.000000	1.000000	1.000000	1.000000	1.000000	1.000000	1.000000	1.000000	1.000000	1.000000	1.000000	1.000000	1.000000	1.000000	1.000000	1.000000	1.000000	1.000000	1.000000	1.000000	1.000000	1.000000	1.000000	-1.000000	-1.000000	-1.000000	-1.000000	-1.000000	-1.000000	-1.000000	-1.000000	-1.000000	-1.000000	-1.000000	-1.000000	-1.000000	-1.000000	-1.000000	-1.000000	-1.000000	-1.000000	-1.000000	-1.000000	-1.000000	-1.000000	-1.000000	-1.000000	-1.000000	-1.000000	-1.000000	-1.000000	-1.000000	-1.000000	-1.000000	-1.000000	-1.000000	-1.000000	-1.000000	-1.000000	-1.000000	-1.000000	-1.000000	-1.000000	-1.000000	-1.000000	-1.000000	-1.000000	-1.000000	-1.000000	-1.000000	-1.000000	-1.000000	-1.000000	1.000000	1.000000	1.000000	1.000000	1.000000	1.000000	1.000000	1.000000	1.000000	1.000000	1.000000	1.000000	1.000000	1.000000	1.000000	1.000000	1.000000	1.000000	1.000000	1.000000	1.000000	1.000000	1.000000	1.000000	1.000000	1.000000	1.000000	1.000000	1.000000	1.000000	1.000000	1.000000	1.000000	1.000000	1.000000	1.000000	1.000000	1.000000	1.000000	1.000000	1.000000	1.000000	1.000000	1.000000	1.000000	1.000000	1.000000	1.000000	1.000000	1.000000	-1.000000	-1.000000	-1.000000	-1.000000	-1.000000	-1.000000	-1.000000	-1.000000	-1.000000	-1.000000	-1.000000	-1.000000	-1.000000	-1.000000	-1.000000	-1.000000	-1.000000	-1.000000	-1.000000	-1.000000	-1.000000	-1.000000	-1.000000	-1.000000	-1.000000	-1.000000	-1.000000	-1.000000	-1.000000	-1.000000	-1.000000	-1.000000	-1.000000	-1.000000	-1.000000	-1.000000	-1.000000	-1.000000	-1.000000	-1.000000	-1.000000	-1.000000	-1.000000	-1.000000	-1.000000	-1.000000	-1.000000	-1.000000	-1.000000	-1.000000
