0.00
0.05
0.10
0.15
0.20
0.24
0.29
0.34
0.38
0.43
0.47
0.51
0.56
0.60
0.63
0.67
0.71
0.74
0.77
0.80
0.83
0.86
0.88
0.90
0.92
0.94
0.96
0.97
0.98
0.99
1.00
1.00
1.00
1.00
1.00
0.99
0.98
0.97
0.96
0.94
0.92
0.90
0.88
0.86
0.83
0.80
0.77
0.74
0.71
0.67
0.63
0.60
0.56
0.51
0.47
0.43
0.38
0.34
0.29
0.24
0.20
0.15
0.10
0.05
0.00
-0.05
-0.10
-0.15
-0.20
-0.24
-0.29
-0.34
-0.38
-0.43
-0.47
-0.51
-0.56
-0.60
-0.63
-0.67
-0.71
-0.74
-0.77
-0.80
-0.83
-0.86
-0.88
-0.90
-0.92
-0.94
-0.96
-0.97
-0.98
-0.99
-1.00
-1.00
-1.00
-1.00
-1.00
-0.99
-0.98
-0.97
-0.96
-0.94
-0.92
-0.90
-0.88
-0.86
-0.83
-0.80
-0.77
-0.74
-0.71
-0.67
-0.63
-0.60
-0.56
-0.51
-0.47
-0.43
-0.38
-0.34
-0.29
-0.24
-0.20
-0.15
-0.10
-0.05
