0.000
0.025
0.049
0.074
0.098
0.122
0.147
0.171
0.195
0.219
0.243
0.267
0.290
0.314
0.337
0.360
0.383
0.405
0.428
0.450
0.471
0.493
0.514
0.535
0.556
0.576
0.596
0.615
0.634
0.653
0.672
0.690
0.707
0.724
0.741
0.757
0.773
0.788
0.803
0.818
0.831
0.845
0.858
0.870
0.882
0.893
0.904
0.914
0.924
0.933
0.942
0.950
0.957
0.964
0.970
0.976
0.981
0.985
0.989
0.992
0.995
0.997
0.999
1.000
1.000
1.000
0.999
0.997
0.995
0.992
0.989
0.985
0.981
0.976
0.970
0.964
0.957
0.950
0.942
0.933
0.924
0.914
0.904
0.893
0.882
0.870
0.858
0.845
0.831
0.818
0.803
0.788
0.773
0.757
0.741
0.724
0.707
0.690
0.672
0.653
0.634
0.615
0.596
0.576
0.556
0.535
0.514
0.493
0.471
0.450
0.428
0.405
0.383
0.360
0.337
0.314
0.290
0.267
0.243
0.219
0.195
0.171
0.147
0.122
0.098
0.074
0.049
0.025
0.000
-0.025
-0.049
-0.074
-0.098
-0.122
-0.147
-0.171
-0.195
-0.219
-0.243
-0.267
-0.290
-0.314
-0.337
-0.360
-0.383
-0.405
-0.428
-0.450
-0.471
-0.493
-0.514
-0.535
-0.556
-0.576
-0.596
-0.615
-0.634
-0.653
-0.672
-0.690
-0.707
-0.724
-0.741
-0.757
-0.773
-0.788
-0.803
-0.818
-0.831
-0.845
-0.858
-0.870
-0.882
-0.893
-0.904
-0.914
-0.924
-0.933
-0.942
-0.950
-0.957
-0.964
-0.970
-0.976
-0.981
-0.985
-0.989
-0.992
-0.995
-0.997
-0.999
-1.000
-1.000
-1.000
-0.999
-0.997
-0.995
-0.992
-0.989
-0.985
-0.981
-0.976
-0.970
-0.964
-0.957
-0.950
-0.942
-0.933
-0.924
-0.914
-0.904
-0.893
-0.882
-0.870
-0.858
-0.845
-0.831
-0.818
-0.803
-0.788
-0.773
-0.757
-0.741
-0.724
-0.707
-0.690
-0.672
-0.653
-0.634
-0.615
-0.596
-0.576
-0.556
-0.535
-0.514
-0.493
-0.471
-0.450
-0.428
-0.405
-0.383
-0.360
-0.337
-0.314
-0.290
-0.267
-0.243
-0.219
-0.195
-0.171
-0.147
-0.122
-0.098
-0.074
-0.049
-0.025
0.000
0.025
0.049
0.074
0.098
0.122
0.147
0.171
0.195
0.219
0.243
0.267
0.290
0.314
0.337
0.360
0.383
0.405
0.428
0.450
0.471
0.493
0.514
0.535
0.556
0.576
0.596
0.615
0.634
0.653
0.672
0.690
0.707
0.724
0.741
0.757
0.773
0.788
0.803
0.818
0.831
0.845
0.858
0.870
0.882
0.893
0.904
0.914
0.924
0.933
0.942
0.950
0.957
0.964
0.970
0.976
0.981
0.985
0.989
0.992
0.995
0.997
0.999
1.000
1.000
1.000
0.999
0.997
0.995
0.992
0.989
0.985
0.981
0.976
0.970
0.964
0.957
0.950
0.942
0.933
0.924
0.914
0.904
0.893
0.882
0.870
0.858
0.845
0.831
0.818
0.803
0.788
0.773
0.757
0.741
0.724
0.707
0.690
0.672
0.653
0.634
0.615
0.596
0.576
0.556
0.535
0.514
0.493
0.471
0.450
0.428
0.405
0.383
0.360
0.337
0.314
0.290
0.267
0.243
0.219
0.195
0.171
0.147
0.122
0.098
0.074
0.049
0.025
-0.000
-0.025
-0.049
-0.074
-0.098
-0.122
-0.147
-0.171
-0.195
-0.219
-0.243
-0.267
-0.290
-0.314
-0.337
-0.360
-0.383
-0.405
-0.428
-0.450
-0.471
-0.493
-0.514
-0.535
-0.556
-0.576
-0.596
-0.615
-0.634
-0.653
-0.672
-0.690
-0.707
-0.724
-0.741
-0.757
-0.773
-0.788
-0.803
-0.818
-0.831
-0.845
-0.858
-0.870
-0.882
-0.893
-0.904
-0.914
-0.924
-0.933
-0.942
-0.950
-0.957
-0.964
-0.970
-0.976
-0.981
-0.985
-0.989
-0.992
-0.995
-0.997
-0.999
-1.000
-1.000
-1.000
-0.999
-0.997
-0.995
-0.992
-0.989
-0.985
-0.981
-0.976
-0.970
-0.964
-0.957
-0.950
-0.942
-0.933
-0.924
-0.914
-0.904
-0.893
-0.882
-0.870
-0.858
-0.845
-0.831
-0.818
-0.803
-0.788
-0.773
-0.757
-0.741
-0.724
-0.707
-0.690
-0.672
-0.653
-0.634
-0.615
-0.596
-0.576
-0.556
-0.535
-0.514
-0.493
-0.471
-0.450
-0.428
-0.405
-0.383
-0.360
-0.337
-0.314
-0.290
-0.267
-0.243
-0.219
-0.195
-0.171
-0.147
-0.122
-0.098
-0.074
-0.049
-0.025
