0.000
0.135
0.267
0.394
0.514
0.625
0.724
0.810
0.882
0.937
0.976
0.996
0.999
0.983
0.950
0.899
0.831
0.749
0.653
0.545
0.428
0.302
0.171
0.037
-0.098
-0.231
-0.360
-0.482
-0.596
-0.698
-0.788
-0.864
-0.924
-0.967
-0.992
-1.000
-0.989
-0.960
-0.914
-0.851
-0.773
-0.681
-0.576
-0.461
-0.337
-0.207
-0.074
0.061
0.195
0.325
0.450
0.566
0.672
0.765
0.845
0.909
0.957
0.987
1.000
0.994
0.970
0.929
0.870
0.796
0.707
0.606
0.493
0.371
0.243
0.110
-0.025
-0.159
-0.290
-0.416
-0.535
-0.644
-0.741
-0.825
-0.893
-0.946
-0.981
-0.998
-0.997
-0.978
-0.942
-0.888
-0.818
-0.733
-0.634
-0.525
-0.405
-0.279
-0.147
-0.012
0.122
0.255
0.383
0.504
0.615
0.716
0.803
0.876
0.933
0.973
0.995
0.999
0.985
0.953
0.904
0.838
0.757
0.662
0.556
0.439
0.314
0.183
0.049
-0.086
-0.219
-0.348
-0.471
-0.586
-0.690
-0.781
-0.858
-0.919
-0.964
-0.991
-1.000
-0.991
-0.964
-0.919
-0.858
-0.781
-0.690
-0.586
-0.471
-0.348
-0.219
-0.086
0.049
0.183
0.314
0.439
0.556
0.662
0.757
0.838
0.904
0.953
0.985
0.999
0.995
0.973
0.933
0.876
0.803
0.716
0.615
0.504
0.383
0.255
0.122
-0.012
-0.147
-0.279
-0.405
-0.525
-0.634
-0.733
-0.818
-0.888
-0.942
-0.978
-0.997
-0.998
-0.981
-0.946
-0.893
-0.825
-0.741
-0.644
-0.535
-0.416
-0.290
-0.159
-0.025
0.110
0.243
0.371
0.493
0.606
0.707
0.796
0.870
0.929
0.970
0.994
1.000
0.987
0.957
0.909
0.845
0.765
0.672
0.566
0.450
0.325
0.195
0.061
-0.074
-0.207
-0.337
-0.461
-0.576
-0.681
-0.773
-0.851
-0.914
-0.960
-0.989
-1.000
-0.992
-0.967
-0.924
-0.864
-0.788
-0.698
-0.596
-0.482
-0.360
-0.231
-0.098
0.037
0.171
0.302
0.428
0.545
0.653
0.749
0.831
0.899
0.950
0.983
0.999
0.996
0.976
0.937
0.882
0.810
0.724
0.625
0.514
0.394
0.267
0.135
0.000
-0.135
-0.267
-0.394
-0.514
-0.625
-0.724
-0.810
-0.882
-0.937
-0.976
-0.996
-0.999
-0.983
-0.950
-0.899
-0.831
-0.749
-0.653
-0.545
-0.428
-0.302
-0.171
-0.037
0.098
0.231
0.360
0.482
0.596
0.698
0.788
0.864
0.924
0.967
0.992
1.000
0.989
0.960
0.914
0.851
0.773
0.681
0.576
0.461
0.337
0.207
0.074
-0.061
-0.195
-0.325
-0.450
-0.566
-0.672
-0.765
-0.845
-0.909
-0.957
-0.987
-1.000
-0.994
-0.970
-0.929
-0.870
-0.796
-0.707
-0.606
-0.493
-0.371
-0.243
-0.110
0.025
0.159
0.290
0.416
0.535
0.644
0.741
0.825
0.893
0.946
0.981
0.998
0.997
0.978
0.942
0.888
0.818
0.733
0.634
0.525
0.405
0.279
0.147
0.012
-0.122
-0.255
-0.383
-0.504
-0.615
-0.716
-0.803
-0.876
-0.933
-0.973
-0.995
-0.999
-0.985
-0.953
-0.904
-0.838
-0.757
-0.662
-0.556
-0.439
-0.314
-0.183
-0.049
0.086
0.219
0.348
0.471
0.586
0.690
0.781
0.858
0.919
0.964
0.991
1.000
0.991
0.964
0.919
0.858
0.781
0.690
0.586
0.471
0.348
0.219
0.086
-0.049
-0.183
-0.314
-0.439
-0.556
-0.662
-0.757
-0.838
-0.904
-0.953
-0.985
-0.999
-0.995
-0.973
-0.933
-0.876
-0.803
-0.716
-0.615
-0.504
-0.383
-0.255
-0.122
0.012
0.147
0.279
0.405
0.525
0.634
0.733
0.818
0.888
0.942
0.978
0.997
0.998
0.981
0.946
0.893
0.825
0.741
0.644
0.535
0.416
0.290
0.159
0.025
-0.110
-0.243
-0.371
-0.493
-0.606
-0.707
-0.796
-0.870
-0.929
-0.970
-0.994
-1.000
-0.987
-0.957
-0.909
-0.845
-0.765
-0.672
-0.566
-0.450
-0.325
-0.195
-0.061
0.074
0.207
0.337
0.461
0.576
0.681
0.773
0.851
0.914
0.960
0.989
1.000
0.992
0.967
0.924
0.864
0.788
0.698
0.596
0.482
0.360
0.231
0.098
-0.037
-0.171
-0.302
-0.428
-0.545
-0.653
-0.749
-0.831
-0.899
-0.950
-0.983
-0.999
-0.996
-0.976
-0.937
-0.882
-0.810
-0.724
-0.625
-0.514
-0.394
-0.267
-0.135
