0.000
0.037
0.074
0.110
0.147
0.183
0.219
0.255
0.290
0.325
0.360
0.394
0.428
0.461
0.493
0.525
0.556
0.586
0.615
0.644
0.672
0.698
0.724
0.749
0.773
0.796
0.818
0.838
0.858
0.876
0.893
0.909
0.924
0.937
0.950
0.960
0.970
0.978
0.985
0.991
0.995
0.998
1.000
1.000
0.999
0.996
0.992
0.987
0.981
0.973
0.964
0.953
0.942
0.929
0.914
0.899
0.882
0.864
0.845
0.825
0.803
0.781
0.757
0.733
0.707
0.681
0.653
0.625
0.596
0.566
0.535
0.504
0.471
0.439
0.405
0.371
0.337
0.302
0.267
0.231
0.195
0.159
0.122
0.086
0.049
0.012
-0.025
-0.061
-0.098
-0.135
-0.171
-0.207
-0.243
-0.279
-0.314
-0.348
-0.383
-0.416
-0.450
-0.482
-0.514
-0.545
-0.576
-0.606
-0.634
-0.662
-0.690
-0.716
-0.741
-0.765
-0.788
-0.810
-0.831
-0.851
-0.870
-0.888
-0.904
-0.919
-0.933
-0.946
-0.957
-0.967
-0.976
-0.983
-0.989
-0.994
-0.997
-0.999
-1.000
-0.999
-0.997
-0.994
-0.989
-0.983
-0.976
-0.967
-0.957
-0.946
-0.933
-0.919
-0.904
-0.888
-0.870
-0.851
-0.831
-0.810
-0.788
-0.765
-0.741
-0.716
-0.690
-0.662
-0.634
-0.606
-0.576
-0.545
-0.514
-0.482
-0.450
-0.416
-0.383
-0.348
-0.314
-0.279
-0.243
-0.207
-0.171
-0.135
-0.098
-0.061
-0.025
0.012
0.049
0.086
0.122
0.159
0.195
0.231
0.267
0.302
0.337
0.371
0.405
0.439
0.471
0.504
0.535
0.566
0.596
0.625
0.653
0.681
0.707
0.733
0.757
0.781
0.803
0.825
0.845
0.864
0.882
0.899
0.914
0.929
0.942
0.953
0.964
0.973
0.981
0.987
0.992
0.996
0.999
1.000
1.000
0.998
0.995
0.991
0.985
0.978
0.970
0.960
0.950
0.937
0.924
0.909
0.893
0.876
0.858
0.838
0.818
0.796
0.773
0.749
0.724
0.698
0.672
0.644
0.615
0.586
0.556
0.525
0.493
0.461
0.428
0.394
0.360
0.325
0.290
0.255
0.219
0.183
0.147
0.110
0.074
0.037
0.000
-0.037
-0.074
-0.110
-0.147
-0.183
-0.219
-0.255
-0.290
-0.325
-0.360
-0.394
-0.428
-0.461
-0.493
-0.525
-0.556
-0.586
-0.615
-0.644
-0.672
-0.698
-0.724
-0.749
-0.773
-0.796
-0.818
-0.838
-0.858
-0.876
-0.893
-0.909
-0.924
-0.937
-0.950
-0.960
-0.970
-0.978
-0.985
-0.991
-0.995
-0.998
-1.000
-1.000
-0.999
-0.996
-0.992
-0.987
-0.981
-0.973
-0.964
-0.953
-0.942
-0.929
-0.914
-0.899
-0.882
-0.864
-0.845
-0.825
-0.803
-0.781
-0.757
-0.733
-0.707
-0.681
-0.653
-0.625
-0.596
-0.566
-0.535
-0.504
-0.471
-0.439
-0.405
-0.371
-0.337
-0.302
-0.267
-0.231
-0.195
-0.159
-0.122
-0.086
-0.049
-0.012
0.025
0.061
0.098
0.135
0.171
0.207
0.243
0.279
0.314
0.348
0.383
0.416
0.450
0.482
0.514
0.545
0.576
0.606
0.634
0.662
0.690
0.716
0.741
0.765
0.788
0.810
0.831
0.851
0.870
0.888
0.904
0.919
0.933
0.946
0.957
0.967
0.976
0.983
0.989
0.994
0.997
0.999
1.000
0.999
0.997
0.994
0.989
0.983
0.976
0.967
0.957
0.946
0.933
0.919
0.904
0.888
0.870
0.851
0.831
0.810
0.788
0.765
0.741
0.716
0.690
0.662
0.634
0.606
0.576
0.545
0.514
0.482
0.450
0.416
0.383
0.348
0.314
0.279
0.243
0.207
0.171
0.135
0.098
0.061
0.025
-0.012
-0.049
-0.086
-0.122
-0.159
-0.195
-0.231
-0.267
-0.302
-0.337
-0.371
-0.405
-0.439
-0.471
-0.504
-0.535
-0.566
-0.596
-0.625
-0.653
-0.681
-0.707
-0.733
-0.757
-0.781
-0.803
-0.825
-0.845
-0.864
-0.882
-0.899
-0.914
-0.929
-0.942
-0.953
-0.964
-0.973
-0.981
-0.987
-0.992
-0.996
-0.999
-1.000
-1.000
-0.998
-0.995
-0.991
-0.985
-0.978
-0.970
-0.960
-0.950
-0.937
-0.924
-0.909
-0.893
-0.876
-0.858
-0.838
-0.818
-0.796
-0.773
-0.749
-0.724
-0.698
-0.672
-0.644
-0.615
-0.586
-0.556
-0.525
-0.493
-0.461
-0.428
-0.394
-0.360
-0.325
-0.290
-0.255
-0.219
-0.183
-0.147
-0.110
-0.074
-0.037
